variable points: chord_sub_0_1_2_3 theta_sub_0_1_2_3 
num_pt_0 0.0564682926829 0.0941380414634 0.0965804878049 0.0415426512195 8.2183 12.00036 -5.20683 1.9274018699
num_pt_1 0.0994926829268 0.125767919512 0.0699463414634 0.0526534609756 7.7383 9.52036 -2.52683 -8.8650051643
num_pt_2 0.0835902439024 0.0994518609756 0.0591170731707 0.0376311926829 4.7383 12.04036 0.23317 -7.9092200395
num_pt_3 0.0572487804878 0.088065104878 0.0899463414634 0.0447171682927 7.0583 1.84036 8.19317 4.4363378225
num_pt_4 0.0739317073171 0.117164592683 0.0685804878049 0.055714602439 4.3383 -0.59964 -1.60683 -4.1259039205
num_pt_5 0.094712195122 0.0923667682927 0.0754097560976 0.0588324317073 21.7383 15.92036 7.27317 -1.5771435877
num_pt_6 0.0687609756098 0.0897520317073 0.0811658536585 0.0407490219512 5.1783 4.72036 4.99317 -0.0239927599
num_pt_7 0.0778341463415 0.125346187805 0.0640926829268 0.0415993390244 14.1783 7.80036 7.79317 8.5780733633
num_pt_8 0.0745170731707 0.0943067341463 0.0723853658537 0.0401254560976 11.9383 0.28036 2.87317 -6.3958935919
num_pt_9 0.0906146341463 0.119610636585 0.067312195122 0.0521999585366 3.7383 6.48036 3.43317 4.1575671611
num_pt_10 0.0605658536585 0.106958685366 0.0628243902439 0.052029895122 9.8183 10.36036 -5.16683 1.4096849273
num_pt_11 0.0612487804878 0.128804387805 0.100873170732 0.0336063585366 23.0183 -0.15964 1.59317 -9.1039514455
num_pt_12 0.0677853658537 0.125261841463 0.0672146341463 0.0361006219512 20.6583 11.72036 2.19317 -9.6216683881
num_pt_13 0.10076097561 0.125514880488 0.0959951219512 0.0578120512195 19.4183 1.92036 3.27317 -8.9048295445
num_pt_14 0.0868097560976 0.0878964121951 0.0862390243902 0.0357038073171 19.0983 0.24036 11.99317 -6.3162448315
num_pt_15 0.0773463414634 0.125177495122 0.0787268292683 0.054354095122 13.6583 14.48036 9.35317 -8.7455320237
num_pt_16 0.102712195122 0.0911859195122 0.0705317073171 0.0498757585366 5.6183 6.64036 12.11317 -1.7762654887
num_pt_17 0.0775414634146 0.109320382927 0.0648731707317 0.0413725878049 13.2583 16.76036 -2.00683 -4.4843233423
num_pt_18 0.0900292682927 0.102319636585 0.104580487805 0.0480050609756 3.6583 13.12036 5.55317 2.1663481511
num_pt_19 0.0822243902439 0.108223880488 0.0688731707317 0.0443203536585 7.4183 9.68036 -5.88683 -3.3692406967
num_pt_20 0.0672975609756 0.1204541 0.0701414634146 0.0487986902439 13.4583 3.40036 12.19317 7.7417613791
num_pt_21 0.080956097561 0.120791485366 0.0711170731707 0.0396719536585 5.6983 12.52036 12.59317 5.5514204681
num_pt_22 0.0951024390244 0.101391826829 0.0920926829268 0.0409190853659 16.6583 15.28036 -0.72683 9.2152634465
num_pt_23 0.0964682926829 0.116658514634 0.0573609756098 0.0350802414634 20.9783 12.72036 6.71317 3.1221332759
num_pt_24 0.0637853658537 0.0889929146341 0.061556097561 0.0569617341463 19.1383 -2.47964 10.71317 5.2328254265
num_pt_25 0.0738341463415 0.128973080488 0.100482926829 0.0335496707317 17.2583 1.40036 -2.36683 1.8079287293
num_pt_26 0.0998829268293 0.118345441463 0.0578487804878 0.0467579292683 3.3383 3.80036 0.47317 -0.3425878015
num_pt_27 0.0981268292683 0.102825714634 0.0919951219512 0.0504993243902 10.7383 7.56036 0.31317 6.7461518741
num_pt_28 0.0922731707317 0.0889085682927 0.0772634146341 0.049195504878 13.7783 1.96036 -0.44683 -1.8160898689
num_pt_29 0.103492682927 0.0992831682927 0.0829219512195 0.0348534902439 3.9783 13.20036 9.79317 0.2547779015
num_pt_30 0.0819317073171 0.0958249682927 0.0797024390244 0.0507260756098 11.1383 3.00036 -4.20683 -8.9446539247
num_pt_31 0.0748097560976 0.124924456098 0.0609707317073 0.0592292463415 8.7783 10.16036 7.59317 -6.2365960711
num_pt_32 0.0789073170732 0.0929571926829 0.0948243902439 0.0463611146341 17.1783 10.40036 4.55317 -5.0418646651
num_pt_33 0.0812487804878 0.10780214878 0.0954097560976 0.0338331097561 8.3383 9.40036 3.87317 2.3256456719
num_pt_34 0.0671024390244 0.106536953659 0.0998 0.0506693878049 7.4583 1.44036 3.35317 3.7593233591
num_pt_35 0.0576390243902 0.0943910804878 0.078043902439 0.0497623829268 11.6583 16.56036 -6.56683 4.7947572443
num_pt_36 0.0882731707317 0.0967527780488 0.0725804878049 0.0491388170732 15.5783 16.48036 -1.96683 -2.0550361501
num_pt_37 0.0983219512195 0.118935865854 0.101556097561 0.0390483878049 14.3783 -2.31964 -6.36683 7.2240444365
num_pt_38 0.0743219512195 0.121972334146 0.0828243902439 0.0540706560976 9.2183 3.48036 12.07317 -4.7232696235
num_pt_39 0.102907317073 0.116742860976 0.0693609756098 0.0418260902439 19.2983 12.28036 11.55317 2.6044163333
num_pt_40 0.0899317073171 0.120538446341 0.0985317073171 0.047834997561 6.0983 1.20036 1.87317 0.9317923649
num_pt_41 0.0887609756098 0.119948021951 0.0792146341463 0.0447738560976 13.5783 -0.83964 -5.40683 5.9098398899
num_pt_42 0.0874926829268 0.0906798414634 0.0850682926829 0.0405222707317 20.4983 5.80036 9.83317 4.1973915413
num_pt_43 0.074712195122 0.112019465854 0.103117073171 0.0593993097561 16.1783 -0.39964 10.99317 -0.7408316035
num_pt_44 0.0795902439024 0.121803641463 0.0852634146341 0.0575286121951 7.2183 1.00036 -4.80683 2.4849431927
num_pt_45 0.0803707317073 0.127539192683 0.0901414634146 0.0425630317073 17.6983 14.20036 -0.20683 2.0468750105
num_pt_46 0.101931707317 0.093885002439 0.0765804878049 0.0460209878049 18.3783 8.40036 1.95317 4.3168646819
num_pt_47 0.0628097560976 0.101644865854 0.0610682926829 0.0354203682927 14.9383 1.68036 5.59317 -1.8559142491
num_pt_48 0.0710048780488 0.113115968293 0.0676048780488 0.0379713195122 17.2183 12.40036 6.31317 4.4761622027
num_pt_49 0.088956097561 0.0964997390244 0.0843853658537 0.0426764073171 16.0183 16.64036 7.91317 -5.7985278889
num_pt_50 0.0893463414634 0.126105304878 0.0981414634146 0.0406356463415 5.8583 13.64036 -1.08683 2.8831869947
num_pt_51 0.0683707317073 0.0974275487805 0.0579463414634 0.0595126853659 20.1783 15.12036 9.15317 7.8612345197
num_pt_52 0.0953951219512 0.115899397561 0.0861414634146 0.0351369292683 5.1383 7.64036 0.55317 2.0866993907
num_pt_53 0.0712975609756 0.118008056098 0.0677024390244 0.0387082609756 17.7783 11.20036 8.35317 9.0957903059
num_pt_54 0.0902243902439 0.103837870732 0.0928731707317 0.0513496414634 12.8183 3.88036 -3.00683 1.1707386461
num_pt_55 0.083687804878 0.102910060976 0.104775609756 0.0333796073171 7.5783 15.80036 8.55317 7.0647469157
num_pt_56 0.0721756097561 0.105693490244 0.0858487804878 0.0490254414634 6.4583 10.08036 5.15317 8.8568440247
num_pt_57 0.0883707317073 0.12509314878 0.0589219512195 0.0482318121951 23.2583 3.36036 5.35317 -5.2011621859
num_pt_58 0.0991024390244 0.11986367561 0.0868243902439 0.051066202439 13.0183 2.88036 2.99317 -8.2278150811
num_pt_59 0.0833951219512 0.123827953659 0.0611658536585 0.0504426365854 18.2183 13.08036 3.59317 0.4140754223
num_pt_60 0.0829073170732 0.113622046341 0.0758 0.0550910365854 22.8583 11.16036 8.75317 -6.4755423523
num_pt_61 0.0870048780488 0.114549856098 0.0661414634146 0.0452840463415 12.1383 3.44036 9.39317 1.5689824481
num_pt_62 0.0856390243902 0.126611382927 0.0689707317073 0.0324159146341 13.8183 1.08036 8.71317 7.4231663375
num_pt_63 0.0732487804878 0.120622792683 0.0866292682927 0.0522566463415 17.4583 -1.11964 2.79317 7.9807076603
num_pt_64 0.0643707317073 0.11758632439 0.0583365853659 0.0343433 4.3783 15.72036 12.67317 -5.0816890453
num_pt_65 0.0815414634146 0.109236036585 0.0704341463415 0.0554311634146 4.5383 -2.03964 5.11317 8.8966684049
num_pt_66 0.0604682926829 0.1169959 0.0707268292683 0.0549776609756 16.7783 7.28036 12.83317 -9.9800878099
num_pt_67 0.0592975609756 0.0954875829268 0.0941414634146 0.0523700219512 22.8983 1.04036 12.43317 -0.8204803639
num_pt_68 0.0945170731707 0.0927885 0.0924829268293 0.0459643 9.9783 5.00036 -6.64683 -0.4222365619
num_pt_69 0.0749073170732 0.121719295122 0.0782390243902 0.0566216073171 15.0583 14.64036 -0.36683 6.2682593117
num_pt_70 0.0585170731707 0.117670670732 0.0840926829268 0.0514063292683 21.0983 17.24036 -3.28683 -8.6658832633
num_pt_71 0.102809756098 0.0959093146341 0.0608731707317 0.0419961536585 14.1383 3.52036 -1.56683 -9.4225464871
num_pt_72 0.0688585365854 0.126358343902 0.105165853659 0.0508961390244 6.6983 0.52036 -4.88683 1.0910898857
num_pt_73 0.0938341463415 0.0945597731707 0.088287804878 0.0596260609756 5.4983 8.36036 11.03317 -1.9355630095
num_pt_74 0.0762731707317 0.116574168293 0.0915073170732 0.0494789439024 20.0183 7.48036 11.07317 -2.4134555719
num_pt_75 0.079687804878 0.11640547561 0.064287804878 0.0458509243902 10.6183 13.44036 8.39317 -2.3736311917
num_pt_76 0.0552975609756 0.115140280488 0.0734585365854 0.0427897829268 16.3783 5.16036 -0.68683 2.6442407135
num_pt_77 0.0923707317073 0.128298309756 0.0911170731707 0.0368942512195 3.7783 14.72036 0.11317 -9.3428977267
num_pt_78 0.0674926829268 0.123996646341 0.0806780487805 0.0345700512195 14.0183 0.20036 4.51317 7.8214101395
num_pt_79 0.0642731707317 0.0873903341463 0.0671170731707 0.0583789292683 18.4183 -1.67964 6.35317 -4.5639721027
num_pt_80 0.0931512195122 0.126948768293 0.0956048780488 0.0495356317073 22.2183 9.32036 11.47317 -6.7144886335
num_pt_81 0.0858341463415 0.100970095122 0.0832146341463 0.0553177878049 9.4983 16.04036 4.83317 5.5115960879
num_pt_82 0.0766634146341 0.0910172268293 0.0728731707317 0.0474948707317 6.6583 0.16036 -3.64683 -9.2234245861
num_pt_83 0.082712195122 0.0946441195122 0.103897560976 0.0477216219512 8.5383 2.68036 12.55317 2.5247675729
num_pt_84 0.0623219512195 0.114634202439 0.0675073170732 0.0527101487805 22.0983 3.60036 5.31317 4.9938791453
num_pt_85 0.0792 0.122984490244 0.0891658536585 0.0474381829268 4.1783 10.44036 -1.12683 9.4542097277
num_pt_86 0.0664195121951 0.0927041536585 0.0838 0.0535037780488 5.0583 -1.75964 10.27317 -4.8427427641
num_pt_87 0.0935414634146 0.103922217073 0.0999951219512 0.0435834121951 5.5383 -1.19964 -4.48683 -4.8029183839
num_pt_88 0.091687804878 0.114971587805 0.0652634146341 0.0405789585366 13.0983 6.36036 -5.92683 -7.9888687999
num_pt_89 0.0786146341463 0.11927325122 0.0662390243902 0.0586623682927 11.2583 7.24036 3.11317 -7.2720299563
num_pt_90 0.0582243902439 0.104259602439 0.10223902439 0.0336630463415 9.6583 8.88036 0.63317 -4.1657283007
num_pt_91 0.102224390244 0.121381909756 0.0998975609756 0.0431299097561 19.6183 7.60036 5.87317 -5.9578254097
num_pt_92 0.0758829268293 0.103669178049 0.0756048780488 0.0332662317073 17.4183 3.08036 -2.60683 7.5824638583
num_pt_93 0.0831024390244 0.111935119512 0.0712146341463 0.0489687536585 7.0183 14.32036 -4.52683 1.6088068283
num_pt_94 0.0891512195122 0.105862182927 0.0743365853659 0.0493655682927 10.8183 14.76036 1.83317 1.8477531095
num_pt_95 0.0727609756098 0.100632709756 0.0903365853659 0.0520865829268 13.6983 3.72036 3.83317 0.7724948441
num_pt_96 0.0937365853659 0.105356104878 0.0719951219512 0.0492521926829 13.4183 13.96036 11.87317 -3.4488894571
num_pt_97 0.0825170731707 0.0905111487805 0.0599951219512 0.0469279926829 16.0583 14.88036 1.35317 7.7815857593
num_pt_98 0.0940292682927 0.118514134146 0.0716048780488 0.042222904878 5.2583 9.12036 -2.88683 2.8433626145
num_pt_99 0.103785365854 0.112441197561 0.0812634146341 0.0391617634146 16.8183 5.24036 6.15317 -7.1923811959
num_pt_100 0.0848585365854 0.0893303 0.0645804878049 0.0432999731707 21.7783 3.84036 11.71317 2.6840650937
num_pt_101 0.0930536585366 0.0924511146341 0.0794097560976 0.0481184365854 15.5383 -2.23964 -4.96683 -5.6790547483
num_pt_102 0.0666146341463 0.122562758537 0.0616536585366 0.0435267243902 11.4183 4.44036 9.23317 -3.8869576393
num_pt_103 0.076956097561 0.0936319634146 0.101848780488 0.0494222560976 4.2983 14.36036 -7.00683 -5.6392303681
num_pt_104 0.0678829268293 0.117248939024 0.101263414634 0.0330394804878 11.1783 4.48036 -3.96683 -7.9490444197
num_pt_105 0.0742243902439 0.110585578049 0.0736536585366 0.0438101634146 7.3783 5.56036 1.75317 -7.8693956593
num_pt_106 0.0577365853659 0.0961623536585 0.0590195121951 0.0572451731707 22.9783 6.16036 -5.84683 4.2770403017
num_pt_107 0.0594926829268 0.106705646341 0.0796048780488 0.0553744756098 11.6983 16.60036 11.11317 1.1309142659
num_pt_108 0.073443902439 0.106283914634 0.0818487804878 0.0524267097561 22.2983 2.40036 4.11317 -0.5018853223
num_pt_109 0.0617365853659 0.103078753659 0.0992146341463 0.0428464707317 11.5383 6.20036 11.31317 -4.6436208631
num_pt_110 0.0862243902439 0.124587070732 0.101068292683 0.0344566756098 20.0983 15.00036 -4.44683 -3.6878357383
num_pt_111 0.0818341463415 0.0885711829268 0.0884829268293 0.0414859634146 12.0183 12.44036 -0.32683 -5.5197572275
num_pt_112 0.060956097561 0.0986927439024 0.0968731707317 0.0563948560976 12.4183 11.52036 2.63317 0.0556560005
num_pt_113 0.070712195122 0.0950658512195 0.0791170731707 0.048742002439 19.4583 4.68036 2.75317 8.3789514623
num_pt_114 0.0799804878049 0.0990301292683 0.0585317073171 0.0322458512195 9.0183 1.16036 4.47317 4.8744060047
num_pt_115 0.0735414634146 0.106452607317 0.101751219512 0.0551477243902 20.5383 7.32036 -4.04683 1.3698605471
num_pt_116 0.100663414634 0.115224626829 0.0745317073171 0.0574152365854 3.6183 13.40036 -1.64683 -9.4623708673
num_pt_117 0.0845658536585 0.0996205536585 0.084287804878 0.0580954902439 16.3383 12.32036 3.51317 3.0823088957
num_pt_118 0.0561756097561 0.0976805878049 0.0917024390244 0.0368375634146 8.6983 13.92036 -5.00683 5.7903667493
num_pt_119 0.0884682926829 0.120369753659 0.0747268292683 0.0320191 8.2983 16.92036 12.03317 2.3654700521
num_pt_120 0.0892487804878 0.0873059878049 0.0634097560976 0.0599095 19.6983 3.92036 10.19317 2.4052944323
num_pt_121 0.0679804878049 0.115055934146 0.0717024390244 0.0425063439024 17.2983 8.92036 -5.60683 -1.1788997857
num_pt_122 0.0632975609756 0.0939693487805 0.095312195122 0.0426197195122 19.0583 4.32036 -7.04683 9.7728047693
num_pt_123 0.0968585365854 0.0918606902439 0.0863365853659 0.0511228902439 18.7783 5.60036 3.19317 6.1886105513
num_pt_124 0.10007804878 0.0962467 0.0859463414634 0.0548642853659 8.8183 16.32036 -2.28683 -7.7100981385
num_pt_125 0.0782243902439 0.12618965122 0.0918975609756 0.0529935878049 14.8983 15.84036 2.59317 4.6354597235
num_pt_126 0.0853463414634 0.0975962414634 0.0835073170732 0.0444904170732 12.7783 0.76036 10.63317 3.9982696403
num_pt_127 0.0661268292683 0.114802895122 0.0603853658537 0.0467012414634 18.0583 14.92036 5.83317 8.4187758425
num_pt_128 0.0704195121951 0.10088574878 0.103214634146 0.0550343487805 9.8583 5.36036 0.43317 1.5291580679
num_pt_129 0.0779317073171 0.126442690244 0.0632146341463 0.0489120658537 9.2983 9.80036 3.95317 -4.4444989621
num_pt_130 0.0584195121951 0.0953188902439 0.0930682926829 0.0576419878049 20.7383 4.20036 5.63317 2.8035382343
num_pt_131 0.071687804878 0.113369007317 0.0960926829268 0.0420528414634 21.6183 15.60036 7.19317 -4.6037964829
num_pt_132 0.0918829268293 0.0912702658537 0.0951170731707 0.0493088804878 8.9383 12.92036 1.79317 -9.5420196277
num_pt_133 0.078712195122 0.0909328804878 0.0681902439024 0.0429031585366 5.6583 12.08036 -0.92683 6.6266787335
num_pt_134 0.0765658536585 0.11235685122 0.063312195122 0.0419394658537 21.5783 10.80036 6.03317 -0.9399535045
num_pt_135 0.101151219512 0.10721172439 0.0755073170732 0.0484018756098 14.5783 -0.63964 -3.04683 9.4143853475
num_pt_136 0.0651512195122 0.12678007561 0.089556097561 0.051519704878 14.7383 0.48036 0.79317 1.2503874065
num_pt_137 0.0621268292683 0.0925354609756 0.0972634146341 0.0590591829268 10.9383 -2.11964 1.63317 -7.6304493781
num_pt_138 0.0948097560976 0.113453353659 0.0739463414634 0.059455997561 21.6583 11.68036 -4.76683 3.2416064165
num_pt_139 0.075687804878 0.122815797561 0.0846780487805 0.0502158853659 20.4183 8.60036 -5.44683 5.8700155097
num_pt_140 0.100370731707 0.105018719512 0.0569707317073 0.0545808463415 3.5783 9.96036 3.99317 -0.5815340827
num_pt_141 0.0842731707317 0.103500485366 0.104482926829 0.0384248219512 10.1783 -2.15964 -6.48683 9.6135072485
num_pt_142 0.101443902439 0.101138787805 0.0768731707317 0.0418827780488 19.8983 6.12036 2.39317 -3.9666063997
num_pt_143 0.0776390243902 0.0878120658537 0.10292195122 0.0319624121951 18.6583 -1.59964 3.91317 2.9230113749
num_pt_144 0.0890536585366 0.115477665854 0.0872146341463 0.0374611292683 10.6983 5.28036 9.87317 -6.1171229305
num_pt_145 0.0700292682927 0.0932945780488 0.0674097560976 0.0570184219512 11.4983 14.68036 -1.88683 6.5072055929
num_pt_146 0.0653463414634 0.121887987805 0.0763853658537 0.0484585634146 15.2983 -1.71964 9.43317 -4.4046745819
num_pt_147 0.0725658536585 0.0991988219512 0.0821414634146 0.0468146170732 20.8183 11.92036 0.91317 -6.7543130137
num_pt_148 0.0723707317073 0.0900050707317 0.0969707317073 0.0571884853659 15.7783 12.60036 11.75317 8.5382489831
num_pt_149 0.0728585365854 0.118682826829 0.101946341463 0.0412025243902 12.3383 -1.47964 -0.56683 2.5645919531
num_pt_150 0.0600780487805 0.100126631707 0.0989219512195 0.0466445536585 15.8983 14.12036 7.15317 8.1798295613
num_pt_151 0.0911024390244 0.122056680488 0.0619463414634 0.0482885 16.8983 15.68036 8.67317 5.1930010463
num_pt_152 0.0565658536585 0.115983743902 0.0781414634146 0.052483397561 18.3383 6.08036 -1.00683 -8.5862345029
num_pt_153 0.0603707317073 0.108055187805 0.0870195121951 0.0495923195122 4.6183 4.88036 6.83317 0.8123192243
num_pt_154 0.0802731707317 0.0883181439024 0.0890682926829 0.0332095439024 7.1783 -0.67964 12.51317 -1.2187241659
num_pt_155 0.102419512195 0.1031631 0.0883853658537 0.0369509390244 15.6983 -1.03964 -2.72683 -0.7010072233
num_pt_156 0.0570536585366 0.119104558537 0.066043902439 0.0337197341463 5.7783 14.08036 -6.24683 -4.2055526809
num_pt_157 0.0626146341463 0.0884024902439 0.098043902439 0.0532203390244 5.5783 9.24036 -6.68683 -2.2541580511
num_pt_158 0.0810536585366 0.116236782927 0.0752146341463 0.0370076268293 13.1383 10.96036 -3.80683 3.8787964997
num_pt_159 0.0697365853659 0.0983553585366 0.0678 0.0342866121951 4.2183 -2.51964 4.75317 3.4805526977
num_pt_160 0.0886634146341 0.117417631707 0.068287804878 0.0579254268293 4.0183 17.00036 7.63317 -8.4667613623
num_pt_161 0.0851512195122 0.101476173171 0.0631170731707 0.0503292609756 14.4183 16.72036 4.27317 -6.4357179721
num_pt_162 0.0693463414634 0.101223134146 0.0664341463415 0.0371776902439 10.6583 5.88036 -0.48683 -7.1525568157
num_pt_163 0.0793951219512 0.0959936609756 0.0758975609756 0.0588891195122 13.4983 -0.79964 6.11317 -5.2808109463
num_pt_164 0.0880780487805 0.114381163415 0.0827268292683 0.035250304878 9.7783 17.40036 8.83317 0.8919679847
num_pt_165 0.0692487804878 0.100210978049 0.0669219512195 0.0384815097561 6.5783 11.24036 -5.12683 -0.2629390411
num_pt_166 0.0784195121951 0.102403982927 0.0822390243902 0.0532770268293 12.7383 -0.07964 9.91317 6.1089617909
num_pt_167 0.0682731707317 0.0911015731707 0.0653609756098 0.0326993536585 12.1783 5.92036 3.55317 -2.5329287125
num_pt_168 0.0852487804878 0.0960780073171 0.103409756098 0.0393318268293 20.8983 -0.91964 12.15317 -6.9932592949
num_pt_169 0.0798829268293 0.124418378049 0.0679951219512 0.0422795926829 6.5383 -0.43964 -6.04683 -8.2676394613
num_pt_170 0.103687804878 0.119020212195 0.0601902439024 0.0516330804878 11.2183 11.08036 6.39317 -0.3027634213
num_pt_171 0.0624195121951 0.112778582927 0.080287804878 0.0379146317073 11.9783 -2.43964 5.67317 9.2949122069
num_pt_172 0.0625170731707 0.113875085366 0.0718 0.0455674853659 5.2183 16.84036 10.95317 -5.1215134255
num_pt_173 0.065443902439 0.0903424560976 0.0641902439024 0.0317923487805 8.0583 15.76036 4.87317 2.7637138541
num_pt_174 0.1032 0.117333285366 0.0751170731707 0.0328127292683 19.9383 16.96036 12.71317 -7.3118543365
num_pt_175 0.0583219512195 0.107717802439 0.0826292682927 0.0459076121951 18.8983 16.28036 10.39317 -4.8825671443
num_pt_176 0.100175609756 0.120707139024 0.0658487804878 0.0591158707317 6.8183 4.00036 -6.20683 -9.6614927683
num_pt_177 0.077443902439 0.1135377 0.10067804878 0.0430165341463 14.9783 4.28036 10.31317 -0.1036415203
num_pt_178 0.0941268292683 0.105271758537 0.0779463414634 0.044547104878 17.9783 5.04036 -1.04683 5.1133522859
num_pt_179 0.0767609756098 0.123068836585 0.0994097560976 0.0318490365854 16.5783 5.76036 10.59317 9.7329803891
num_pt_180 0.0977365853659 0.0876433731707 0.0979463414634 0.0569050463415 4.9383 15.48036 -6.44683 8.4984246029
num_pt_181 0.069443902439 0.119441943902 0.0798 0.0559980414634 7.3383 5.68036 1.15317 -0.8603047441
num_pt_182 0.0580292682927 0.12855134878 0.0902390243902 0.0562814804878 22.0183 15.52036 9.27317 5.3124741869
num_pt_183 0.0823219512195 0.113200314634 0.0996048780488 0.0441502902439 16.4183 -0.87964 0.03317 3.4009039373
num_pt_184 0.0909073170732 0.114887241463 0.070043902439 0.0354770560976 14.8583 -1.15964 1.19317 5.6310692285
num_pt_185 0.0828097560976 0.090595495122 0.0881902439024 0.0421095292683 12.3783 11.60036 8.87317 0.6131973233
num_pt_186 0.0575414634146 0.126864421951 0.081556097561 0.0341165487805 12.0583 1.32036 -2.12683 6.9850981553
num_pt_187 0.101834146341 0.0981866658537 0.0990195121951 0.0334929829268 9.9383 6.60036 3.07317 3.5203770779
num_pt_188 0.0662243902439 0.12104452439 0.0964829268293 0.0469846804878 12.8983 8.00036 -1.36683 -3.4887138373
num_pt_189 0.0838829268293 0.0933789243902 0.0584341463415 0.0392184512195 19.1783 -2.07964 1.43317 -0.9797778847
num_pt_190 0.0566634146341 0.107380417073 0.0878975609756 0.0597961243902 3.6983 11.56036 10.67317 -3.5285382175
num_pt_191 0.0606634146341 0.0926198073171 0.0567756097561 0.0367808756098 18.9783 10.84036 8.11317 4.9540547651
num_pt_192 0.0639804878049 0.0977649341463 0.0847756097561 0.0376878804878 18.5383 0.56036 10.83317 -2.0152117699
num_pt_193 0.0794926829268 0.0948128121951 0.058043902439 0.0353636804878 20.2983 -0.31964 7.11317 -2.2939824313
num_pt_194 0.0589073170732 0.127792231707 0.0715073170732 0.0462477390244 12.4983 8.52036 0.27317 7.9408832801
num_pt_195 0.0978341463415 0.0972588560976 0.0769707317073 0.0327560414634 16.7383 4.56036 -5.68683 -6.6746642533
num_pt_196 0.0954926829268 0.0980179731707 0.0909219512195 0.0386515731707 22.2583 11.40036 -5.48683 0.6530217035
num_pt_197 0.10163902439 0.106199568293 0.0627268292683 0.0546942219512 5.0983 1.64036 1.03317 -5.3206353265
num_pt_198 0.0949073170732 0.100042285366 0.0898487804878 0.0490821292683 6.7783 0.92036 -0.12683 6.4673812127
num_pt_199 0.068956097561 0.112103812195 0.0984341463415 0.0576986756098 15.2583 14.60036 -6.16683 3.0026601353
num_pt_200 0.0652487804878 0.116489821951 0.0691658536585 0.0534470902439 9.3783 2.32036 3.39317 -6.1569473107
num_pt_201 0.0959804878049 0.127623539024 0.0837024390244 0.0529369 11.8183 13.24036 6.27317 -6.3560692117
num_pt_202 0.0770536585366 0.100717056098 0.0624341463415 0.0537305292683 6.3383 8.84036 2.55317 -1.4974948273
num_pt_203 0.0857365853659 0.116911553659 0.0710195121951 0.0595693731707 5.2983 2.80036 -4.40683 -4.0462551601
num_pt_204 0.0943219512195 0.0935476170732 0.0918 0.0565082317073 6.1783 10.12036 12.23317 5.8301911295
num_pt_205 0.0717853658537 0.115393319512 0.0690682926829 0.039445202439 19.3383 2.92036 4.67317 9.3347365871
num_pt_206 0.0650536585366 0.128129617073 0.0750195121951 0.037121002439 3.4583 6.92036 -2.24683 -0.9001291243
num_pt_207 0.0881756097561 0.098439704878 0.0808731707317 0.0317356609756 15.0983 5.64036 10.15317 0.1751291411
num_pt_208 0.0990048780488 0.123237529268 0.0995073170732 0.0573018609756 8.4983 0.88036 -2.40683 -9.1836002059
num_pt_209 0.0771512195122 0.104850026829 0.0889707317073 0.0339464853659 12.9383 14.80036 -2.56683 9.8922779099
num_pt_210 0.0936390243902 0.127707885366 0.0856536585366 0.0329827926829 4.7783 15.40036 12.31317 -0.5417097025
num_pt_211 0.0861268292683 0.102741368293 0.0760926829268 0.0539005926829 9.7383 9.20036 -3.20683 6.0691374107
num_pt_212 0.0669073170732 0.110163846341 0.0729707317073 0.0510095146341 10.2583 4.12036 1.11317 8.6577221237
num_pt_213 0.0744195121951 0.125599226829 0.087312195122 0.0399553926829 21.3783 14.96036 0.39317 -8.9844783049
num_pt_214 0.0597853658537 0.0917763439024 0.0727756097561 0.038084695122 10.3783 11.12036 5.07317 3.2017820363
num_pt_215 0.0638829268293 0.108729958537 0.0942390243902 0.0508394512195 7.8583 -1.55964 -0.16683 7.4629907177
num_pt_216 0.0924682926829 0.097511895122 0.0976536585366 0.0391050756098 6.6183 1.88036 7.23317 4.5558109631
num_pt_217 0.0602731707317 0.101897904878 0.097556097561 0.0509528268293 12.0983 9.04036 -2.92683 -8.5464101227
num_pt_218 0.0685658536585 0.115646358537 0.102336585366 0.0342299243902 4.8183 3.76036 -0.00683 -9.5021952475
num_pt_219 0.0788097560976 0.112272504878 0.0958975609756 0.0367241878049 10.2983 7.72036 -2.44683 -4.3648502017
num_pt_220 0.0832 0.0995362073171 0.0892634146341 0.0565649195122 21.1383 12.48036 -5.24683 8.0205320405
num_pt_221 0.0673951219512 0.120201060976 0.0983365853659 0.0485719390244 7.1383 6.56036 2.23317 -1.2585485461
num_pt_222 0.0965658536585 0.0930415390244 0.101653658537 0.0330961682927 14.0583 15.88036 5.99317 -9.9402634297
num_pt_223 0.0629073170732 0.112609890244 0.0906292682927 0.0370643146341 21.0583 7.16036 2.95317 4.1177427809
num_pt_224 0.0904195121951 0.0938006560976 0.0789219512195 0.0591725585366 6.8583 0.40036 6.07317 5.9496642701
num_pt_225 0.0754926829268 0.109151690244 0.0798975609756 0.0448872317073 12.2183 9.92036 10.87317 -3.6081869779
num_pt_226 0.0780292682927 0.128467002439 0.0774585365854 0.035760495122 13.0583 2.28036 8.63317 -5.5994059879
num_pt_227 0.102517073171 0.090426802439 0.0612634146341 0.0449439195122 16.6183 11.04036 -6.32683 1.0114411253
num_pt_228 0.0973463414634 0.0875590268293 0.077556097561 0.032472602439 14.4983 17.36036 -0.52683 -9.1437758257
num_pt_229 0.103102439024 0.129226119512 0.100385365854 0.0515763926829 4.4983 7.76036 0.67317 4.5956353433
num_pt_230 0.0675902439024 0.115562012195 0.0937512195122 0.0439802268293 19.3783 -0.23964 2.51317 -2.7718749937
num_pt_231 0.0634926829268 0.100801402439 0.0801902439024 0.0451139829268 8.1783 6.04036 1.91317 2.1265237709
num_pt_232 0.100956097561 0.0921980756098 0.0600926829268 0.053843904878 17.5783 -1.51964 9.67317 5.7505423691
num_pt_233 0.0655414634146 0.105946529268 0.0949219512195 0.0454541097561 18.4583 4.40036 1.23317 -7.4313274771
num_pt_234 0.0698341463415 0.102235290244 0.065556097561 0.0366675 17.8183 4.76036 4.79317 7.2638688167
num_pt_235 0.103882926829 0.120285407317 0.0817512195122 0.0413159 16.4583 9.84036 4.39317 3.7194989789
num_pt_236 0.0695414634146 0.121297563415 0.0746292682927 0.0567916707317 12.2583 5.84036 -6.96683 -5.7587035087
num_pt_237 0.0925658536585 0.107296070732 0.102824390244 0.0406923341463 6.9783 -1.91964 4.31317 -9.9004390495
num_pt_238 0.0690536585366 0.106115221951 0.0649707317073 0.053390402439 5.3783 4.92036 8.99317 0.9716167451
num_pt_239 0.0952 0.114043778049 0.0761902439024 0.0385948853659 15.6183 10.64036 -4.12683 -4.5241477225
num_pt_240 0.0711024390244 0.0902581097561 0.0844829268293 0.043186597561 18.0183 17.12036 1.71317 7.6222882385
num_pt_241 0.0616390243902 0.107549109756 0.0825317073171 0.0402388317073 21.9783 11.80036 -1.44683 3.1619576561
num_pt_242 0.0811512195122 0.107127378049 0.0926780487805 0.0561114170732 21.4183 14.52036 6.63317 -6.8339617741
num_pt_243 0.0658341463415 0.10198225122 0.0904341463415 0.054807597561 12.5783 3.16036 -3.52683 3.2814307967
num_pt_244 0.0915902439024 0.0979336268293 0.0955073170732 0.0396152658537 3.4983 9.64036 1.39317 -7.3915030969
num_pt_245 0.098712195122 0.123153182927 0.102141463415 0.039898704878 4.0983 0.64036 11.23317 0.4538998025
num_pt_246 0.0615414634146 0.10029532439 0.0839951219512 0.0558846658537 17.8583 13.32036 -5.04683 2.2858212917
num_pt_247 0.0751024390244 0.126695729268 0.0565804878049 0.0549209731707 21.8183 13.68036 6.43317 7.0249225355
num_pt_248 0.0984195121951 0.0964153926829 0.0783365853659 0.056168104878 10.7783 11.36036 -2.76683 4.7151084839
num_pt_249 0.0573463414634 0.112525543902 0.094043902439 0.0404655829268 4.5783 8.56036 -5.72683 9.6931560089
num_pt_250 0.0901268292683 0.107464763415 0.0764829268293 0.0581521780488 20.4583 0.12036 -4.68683 -5.4799328473
num_pt_251 0.096956097561 0.112862929268 0.0621414634146 0.0542974073171 8.9783 1.80036 7.95317 -6.6348398731
num_pt_252 0.0888585365854 0.122394065854 0.0592146341463 0.0442069780488 4.6583 3.64036 -3.76683 -6.5551911127
num_pt_253 0.0939317073171 0.0920293829268 0.0934585365854 0.042733095122 19.4983 2.04036 11.91317 7.1443956761
num_pt_254 0.0759804878049 0.10544045122 0.102726829268 0.0408057097561 15.9383 -0.11964 8.95317 -2.2143336709
num_pt_255 0.0791024390244 0.123574914634 0.103604878049 0.0541273439024 9.4183 11.32036 8.51317 -4.2453770611
num_pt_256 0.0660292682927 0.118851519512 0.0885804878049 0.0326426658537 7.6983 14.40036 4.23317 3.6398502185
num_pt_257 0.0591024390244 0.123743607317 0.0629219512195 0.0410891487805 9.5383 11.88036 7.71317 -3.3294163165
num_pt_258 0.0592 0.100548363415 0.0581414634146 0.0356471195122 8.3783 2.12036 7.47317 1.6884555887
num_pt_259 0.0703219512195 0.0971745097561 0.0776536585366 0.0587190560976 8.1383 4.52036 4.35317 -1.7364411085
num_pt_260 0.066712195122 0.101054441463 0.0952146341463 0.0456241731707 20.7783 7.92036 2.15317 8.2196539415
num_pt_261 0.103004878049 0.125683573171 0.0921902439024 0.0573585487805 18.1383 10.68036 3.71317 -0.6213584629
num_pt_262 0.0988097560976 0.087137295122 0.0698487804878 0.0498190707317 17.8983 11.76036 -3.92683 -1.3780216867
num_pt_263 0.0970536585366 0.0932102317073 0.105068292683 0.0343999878049 9.1783 15.44036 -1.28683 -7.5906249979
num_pt_264 0.0568585365854 0.0988614365854 0.0572634146341 0.0528235243902 21.9383 8.04036 -2.48683 4.3566890621
num_pt_265 0.0631024390244 0.125430534146 0.0908243902439 0.0358171829268 15.8583 5.44036 10.47317 7.5426394781
num_pt_266 0.0618341463415 0.111850773171 0.092287804878 0.0568483585366 18.2583 4.36036 12.35317 -6.5153667325
num_pt_267 0.0640780487805 0.113284660976 0.0987268292683 0.0378579439024 18.8583 4.64036 0.71317 1.0512655055
num_pt_268 0.0975414634146 0.108392573171 0.0887756097561 0.0365541243902 4.2583 2.36036 -0.04683 -7.6702737583
num_pt_269 0.0805658536585 0.10375352439 0.104385365854 0.0401821439024 16.6983 0.96036 11.79317 8.9763171653
num_pt_270 0.0955902439024 0.108561265854 0.0986292682927 0.0479483731707 10.4983 6.24036 8.23317 -8.5065857425
num_pt_271 0.0960780487805 0.0872216414634 0.0757024390244 0.0527668365854 16.1383 4.16036 -2.04683 -7.5508006177
num_pt_272 0.0714926829268 0.119694982927 0.0607756097561 0.0411458365854 5.4583 16.16036 -3.36683 9.3745609673
num_pt_273 0.0726634146341 0.111429041463 0.0646780487805 0.0544674707317 4.9783 14.16036 -6.40683 -8.1481663207
num_pt_274 0.0691512195122 0.11126034878 0.0617512195122 0.0518031439024 14.0983 11.64036 9.31317 -5.8383522691
num_pt_275 0.072956097561 0.0898363780488 0.0680926829268 0.0597394365854 9.0983 -0.19964 10.03317 7.3833419573
num_pt_276 0.055687804878 0.0970901634146 0.0878 0.0423362804878 9.6983 6.32036 10.75317 0.8521436045
num_pt_277 0.0932487804878 0.104681334146 0.0742390243902 0.0328694170732 3.8983 15.08036 -6.28683 8.6178977435
num_pt_278 0.0752975609756 0.0952345439024 0.0947268292683 0.0552611 4.8983 10.00036 -3.40683 -4.6834452433
num_pt_279 0.084956097561 0.115308973171 0.0923853658537 0.032926104878 17.3783 5.48036 -3.72683 1.8875774897
num_pt_280 0.0736390243902 0.0886555292683 0.0577512195122 0.0486286268293 14.7783 -1.27964 -1.80683 0.2946022817
num_pt_281 0.101346341463 0.095150197561 0.0605804878049 0.0439235390244 12.4583 1.24036 7.03317 1.3300361669
num_pt_282 0.086712195122 0.100379670732 0.0733609756098 0.0381980707317 18.8183 11.00036 -2.32683 -4.7630940037
num_pt_283 0.0701268292683 0.106789992683 0.0910195121951 0.0409757731707 21.1783 16.88036 8.47317 5.4319473275
num_pt_284 0.0841756097561 0.118429787805 0.0800926829268 0.0472681195122 21.2583 0.84036 -6.80683 -8.6260588831
num_pt_285 0.0630048780488 0.111344695122 0.0961902439024 0.0373477536585 13.6183 14.84036 12.79317 -1.6567923481
num_pt_286 0.101248780488 0.117501978049 0.0978487804878 0.0463044268293 7.9383 13.80036 -7.08683 9.2550878267
num_pt_287 0.0554926829268 0.111766426829 0.0809707317073 0.0586056804878 13.3783 9.28036 7.99317 1.6486312085
num_pt_288 0.0986146341463 0.0895833390244 0.0914097560976 0.0486853146341 21.4983 6.52036 10.43317 6.5470299731
num_pt_289 0.0719804878049 0.11066992439 0.0687756097561 0.046871304878 15.9783 -1.99964 5.19317 -1.6169679679
num_pt_290 0.0752 0.110838617073 0.057556097561 0.0518598317073 15.6583 1.52036 1.47317 -5.3604597067
num_pt_291 0.0830048780488 0.1066213 0.0971658536585 0.0353069926829 10.8583 13.16036 -6.12683 6.5868543533
num_pt_292 0.0928585365854 0.0985240512195 0.0598975609756 0.0345133634146 5.8983 11.48036 8.15317 0.5335485629
num_pt_293 0.0844682926829 0.114465509756 0.0877024390244 0.0574719243902 16.2583 7.00036 10.55317 -7.2322055761
num_pt_294 0.0737365853659 0.117080246341 0.0894585365854 0.0519165195122 14.6583 1.48036 5.27317 3.8389721195
num_pt_295 0.100273170732 0.104765680488 0.083312195122 0.0559413536585 4.1383 -2.19964 0.07317 0.7326704639
num_pt_296 0.0635902439024 0.127454846341 0.076287804878 0.0516897682927 17.9383 9.48036 4.43317 5.1531766661
num_pt_297 0.087687804878 0.111091656098 0.0696536585366 0.0507827634146 16.2183 6.00036 -0.28683 -2.8913481343
num_pt_298 0.0866146341463 0.128213963415 0.0666292682927 0.0545241585366 15.4983 17.44036 5.39317 7.3036931969
num_pt_299 0.0863219512195 0.113031621951 0.0897512195122 0.0514630170732 11.0583 8.08036 0.35317 -3.5683625977
num_pt_300 0.0840780487805 0.104428295122 0.0823365853659 0.0378012560976 7.7783 8.44036 -3.24683 -3.2099431759
num_pt_301 0.0641756097561 0.108645612195 0.0848731707317 0.0488553780488 22.0583 10.04036 -4.72683 -9.0641270653
num_pt_302 0.0871024390244 0.10257267561 0.086043902439 0.0564515439024 18.4983 3.28036 4.19317 0.0954803807
num_pt_303 0.0999804878049 0.0931258853659 0.101458536585 0.0452273585366 9.0583 12.20036 -0.08683 -9.7411415287
num_pt_304 0.0563707317073 0.120116714634 0.0665317073171 0.0531636512195 17.0583 13.72036 1.99317 -3.2497675561
num_pt_305 0.0885658536585 0.098608397561 0.0724829268293 0.0331528560976 3.8183 3.12036 7.39317 4.8345816245
num_pt_306 0.0903219512195 0.0928728463415 0.103312195122 0.0535604658537 8.7383 4.08036 10.51317 -6.9136105345
num_pt_307 0.0645658536585 0.1100795 0.0618487804878 0.0505560121951 11.0983 2.20036 8.79317 -2.4931043323
num_pt_308 0.0958829268293 0.108308226829 0.0944341463415 0.0382547585366 16.9383 2.44036 11.27317 6.7063274939
num_pt_309 0.0800780487805 0.123490568293 0.0974585365854 0.0395585780488 6.2183 8.80036 -4.92683 -8.3871126019
num_pt_310 0.067687804878 0.101307480488 0.0831170731707 0.0375178170732 11.6183 13.36036 5.95317 -2.6524018531
num_pt_311 0.0920780487805 0.115730704878 0.0597024390244 0.0544107829268 23.1783 12.56036 3.79317 6.4275568325
num_pt_312 0.0979317073171 0.0891616073171 0.0596048780488 0.0499324463415 4.6983 11.28036 -1.72683 -7.4711518573
num_pt_313 0.089443902439 0.12796092439 0.0622390243902 0.0412592121951 21.6983 9.72036 9.59317 1.7681043491
num_pt_314 0.0919804878049 0.121466256098 0.0643853658537 0.0593426219512 7.2983 13.52036 -6.60683 -5.9976497899
num_pt_315 0.0702243902439 0.102066597561 0.0865317073171 0.0478916853659 19.5383 16.24036 6.99317 -3.7276601185
num_pt_316 0.095687804878 0.0896676853659 0.0667268292683 0.0517464560976 17.6583 0.80036 7.67317 7.3435175771
num_pt_317 0.0670048780488 0.111597734146 0.0684829268293 0.0536171536585 6.1383 4.04036 6.91317 -2.8116993739
num_pt_318 0.0741268292683 0.0908485341463 0.0703365853659 0.0598528121951 22.1383 10.28036 3.63317 6.8656250147
num_pt_319 0.0917853658537 0.105103065854 0.0880926829268 0.0434700365854 22.7383 7.04036 -6.88683 -5.2409865661
num_pt_320 0.0647609756098 0.125936612195 0.0576536585366 0.0321324756098 16.8583 9.76036 -6.00683 -6.8737861543
num_pt_321 0.0879804878049 0.110754270732 0.0795073170732 0.0397853292683 8.4583 16.12036 -2.20683 1.2105630263
num_pt_322 0.0895414634146 0.0954032365854 0.0938487804878 0.0403522073171 9.1383 7.12036 8.03317 -4.2852014413
num_pt_323 0.100858536585 0.109657768293 0.0737512195122 0.0456808609756 21.2983 15.64036 10.35317 4.6752841037
num_pt_324 0.0730536585366 0.124755763415 0.075312195122 0.0346267390244 10.4183 4.96036 -1.24683 9.6533316287
num_pt_325 0.0877853658537 0.105187412195 0.0692634146341 0.0557712902439 5.0183 -0.99964 -6.52683 0.3742510421
num_pt_326 0.0967609756098 0.122141026829 0.0936536585366 0.0389350121951 17.5383 0.04036 -0.84683 -1.1390754055
num_pt_327 0.0976390243902 0.119188904878 0.0697512195122 0.0340598609756 6.7383 11.44036 -3.56683 -3.1302944155
num_pt_328 0.0914926829268 0.109910807317 0.100580487805 0.0350235536585 8.0983 15.96036 -2.96683 -1.8957386293
num_pt_329 0.0740292682927 0.121128870732 0.0678975609756 0.0440369146341 22.1783 -0.95964 8.59317 5.4717717077
num_pt_330 0.0783219512195 0.100464017073 0.0625317073171 0.034796802439 21.8983 5.08036 0.75317 2.2061725313
num_pt_331 0.0927609756098 0.108982997561 0.0686780487805 0.0560547292683 10.8983 17.28036 7.35317 9.4940341079
num_pt_332 0.0560780487805 0.0956562756098 0.103995121951 0.0423929682927 20.9383 11.96036 5.03317 -2.9709968947
num_pt_333 0.093443902439 0.11471854878 0.105263414634 0.0424496560976 10.9783 5.32036 10.79317 -0.0638171401
num_pt_334 0.101053658537 0.0916076512195 0.104092682927 0.0429598463415 4.4583 -0.51964 0.95317 -8.7853564039
num_pt_335 0.0619317073171 0.103584831707 0.0946292682927 0.046417802439 14.6983 7.88036 2.71317 -8.4269369821
num_pt_336 0.0982243902439 0.103416139024 0.0950195121951 0.0556012268293 13.9383 3.96036 7.55317 1.4495093075
num_pt_337 0.0686634146341 0.12450272439 0.069556097561 0.0366108121951 23.0583 2.60036 -6.76683 8.4586002227
num_pt_338 0.0921756097561 0.10948907561 0.102629268293 0.0472114317073 13.2183 0.72036 6.75317 6.1487861711
num_pt_339 0.0761756097561 0.091691997561 0.0813609756098 0.0523133341463 8.8583 9.44036 -0.40683 -3.1701187957
num_pt_340 0.0665170731707 0.124080992683 0.0566780487805 0.0499891341463 21.5383 5.96036 2.67317 -2.5727530927
num_pt_341 0.0837853658537 0.124334031707 0.0854585365854 0.0381413829268 22.5783 -1.39964 -3.60683 0.0158316203
num_pt_342 0.0972487804878 0.10603087561 0.0702390243902 0.056678295122 7.0983 13.76036 5.23317 -0.7806559837
num_pt_343 0.0764682926829 0.122900143902 0.0598 0.045057295122 12.8583 12.96036 6.95317 -3.0506456551
num_pt_344 0.0898341463415 0.0894989926829 0.085556097561 0.049705695122 15.7383 -2.39964 12.75317 9.8126291495
num_pt_345 0.0804682926829 0.109742114634 0.0606780487805 0.0501025097561 14.2583 2.24036 6.79317 5.9894886503
num_pt_346 0.0875902439024 0.125008802439 0.0977512195122 0.0582655536585 6.3783 2.16036 7.83317 4.0779184007
num_pt_347 0.0806634146341 0.124671417073 0.0630195121951 0.0475515585366 19.5783 0.68036 -5.36683 -5.0020402849
num_pt_348 0.0713951219512 0.094981504878 0.0582390243902 0.0473248073171 13.8983 16.00036 -1.76683 9.0161415455
num_pt_349 0.0586146341463 0.0937163097561 0.0871170731707 0.0555445390244 9.4583 2.08036 3.67317 6.6665031137
num_pt_350 0.0610536585366 0.110248192683 0.0732634146341 0.0323025390244 23.2183 4.84036 5.43317 -0.2231146609
num_pt_351 0.090712195122 0.113790739024 0.0967756097561 0.0374044414634 18.6183 6.96036 11.95317 2.9628357551
num_pt_352 0.0912 0.103331792683 0.0636048780488 0.0552044121951 11.4583 -2.27964 -2.64683 -2.8515237541
num_pt_353 0.101736585366 0.0881494512195 0.0759951219512 0.0337764219512 3.9383 2.96036 7.51317 2.4451188125
num_pt_354 0.0777365853659 0.0948971585366 0.0869219512195 0.0383114463415 7.9783 7.44036 11.35317 4.2372159215
num_pt_355 0.0963707317073 0.0894146463415 0.0804829268293 0.057131797561 9.6183 0.08036 11.67317 -7.0330836751
num_pt_356 0.0571512195122 0.0892459536585 0.0683853658537 0.0358738707317 10.5783 -1.35964 4.59317 2.2459969115
num_pt_357 0.0839804878049 0.105777836585 0.0970682926829 0.0485152512195 15.3783 16.52036 -4.36683 0.5733729431
num_pt_358 0.0826146341463 0.127286153659 0.060287804878 0.058038802439 14.2983 10.76036 5.71317 6.3080836919
num_pt_359 0.0944195121951 0.112188158537 0.0966780487805 0.0341732365854 17.3383 5.12036 4.95317 4.7549328641
num_pt_360 0.0763707317073 0.128382656098 0.1038 0.0349101780488 13.1783 4.80036 2.31317 -9.2632489663
num_pt_361 0.0846634146341 0.0914389585366 0.0657512195122 0.033889797561 14.6183 10.92036 6.59317 6.2284349315
num_pt_362 0.0971512195122 0.12273145122 0.0623365853659 0.0578687390244 12.5383 -0.03964 7.31317 3.4407283175
num_pt_363 0.0908097560976 0.10434394878 0.0867268292683 0.0361573097561 22.5383 3.20036 4.63317 -5.5595816077
num_pt_364 0.0950048780488 0.125852265854 0.0886780487805 0.0476649341463 7.8983 1.56036 -1.92683 7.1842200563
num_pt_365 0.092956097561 0.0921137292683 0.0790195121951 0.0442636658537 18.6983 13.04036 -3.48683 5.5912448483
num_pt_366 0.0715902439024 0.10889865122 0.074043902439 0.0596827487805 20.3383 2.52036 -5.76683 1.9672262501
num_pt_367 0.0859317073171 0.097343202439 0.0773609756098 0.0372343780488 11.8983 6.84036 -4.60683 4.5159865829
num_pt_368 0.0750048780488 0.107886495122 0.0718975609756 0.0400687682927 6.8983 8.68036 4.03317 6.0293130305
num_pt_369 0.0663219512195 0.0877277195122 0.0982390243902 0.040862397561 5.9383 -1.63964 6.23317 -7.8295712791
num_pt_370 0.0611512195122 0.0884868365854 0.0896536585366 0.0585489926829 20.8583 16.44036 -3.12683 -6.5950154929
num_pt_371 0.0733463414634 0.110332539024 0.101165853659 0.0470980560976 17.7383 6.28036 2.03317 6.3479080721
num_pt_372 0.0755902439024 0.110922963415 0.0604829268293 0.0319057243902 16.5383 1.12036 9.95317 9.1754390663
num_pt_373 0.0720780487805 0.0887398756098 0.0638 0.0525967731707 22.6983 16.20036 5.91317 -6.7941373939
num_pt_374 0.0873951219512 0.106874339024 0.0864341463415 0.047381495122 8.6583 2.64036 11.15317 -0.1832902807
num_pt_375 0.0912975609756 0.0969214707317 0.0973609756098 0.044093602439 21.3383 15.56036 6.19317 -2.6922262333
num_pt_376 0.0555902439024 0.11581505122 0.100092682927 0.040408895122 10.0183 2.48036 12.63317 8.6975465039
num_pt_377 0.081443902439 0.120875831707 0.071312195122 0.0536738414634 6.0583 8.16036 1.31317 -2.1745092907
num_pt_378 0.0781268292683 0.105524797561 0.093556097561 0.0333229195122 6.0183 7.52036 -5.96683 1.4893336877
num_pt_379 0.0595902439024 0.0981023195122 0.0730682926829 0.0539572804878 11.2983 10.32036 -0.24683 -5.1613378057
num_pt_380 0.063687804878 0.0947284658537 0.0731658536585 0.0398420170732 23.0983 6.68036 3.75317 8.9364927851
num_pt_381 0.0962731707317 0.113959431707 0.0659463414634 0.0430732219512 11.7783 12.76036 4.71317 2.0070506303
num_pt_382 0.064956097561 0.120960178049 0.0741414634146 0.0446037926829 20.2583 8.20036 3.47317 -3.0904700353
num_pt_383 0.0797853658537 0.109826460976 0.100287804878 0.0346834268293 11.0183 -1.95964 9.55317 -3.8073088789
num_pt_384 0.0942243902439 0.108476919512 0.0849707317073 0.0359305585366 9.2583 17.20036 -6.72683 6.8258006345
num_pt_385 0.097443902439 0.122647104878 0.0638975609756 0.0444337292683 17.0183 14.44036 9.11317 3.9584452601
num_pt_386 0.0644682926829 0.119357597561 0.0749219512195 0.0372910658537 3.5383 10.20036 10.23317 8.3391270821
num_pt_387 0.0656390243902 0.0968371243902 0.099312195122 0.0537872170732 22.4983 14.28036 5.79317 -1.6966167283
num_pt_388 0.0850536585366 0.111513387805 0.0845804878049 0.0450006073171 20.1383 16.36036 3.03317 7.5028150979
num_pt_389 0.056956097561 0.091523304878 0.0875073170732 0.033436295122 6.9383 12.64036 -6.84683 -8.1879907009
num_pt_390 0.0905170731707 0.0963310463415 0.0594097560976 0.050159197561 15.4183 8.76036 3.15317 -3.6480113581
num_pt_391 0.0926634146341 0.0899207243902 0.0588243902439 0.0483451878049 13.8583 -2.35964 -5.80683 7.7019369989
num_pt_392 0.0946146341463 0.122309719512 0.0784341463415 0.0453407341463 17.4983 12.12036 -4.84683 -7.0729080553
num_pt_393 0.0757853658537 0.111007309756 0.10136097561 0.0433566609756 20.0583 1.60036 0.59317 6.7859762543
num_pt_394 0.0672 0.101729212195 0.0933609756098 0.0461343634146 12.9783 2.76036 8.91317 -4.9223915245
num_pt_395 0.0590048780488 0.122225373171 0.103019512195 0.0446604804878 7.8183 1.36036 -4.08683 0.1353047609
num_pt_396 0.0712 0.0955719292683 0.0744341463415 0.0377445682927 19.2183 6.76036 9.07317 -2.6125774729
num_pt_397 0.0648585365854 0.119779329268 0.0766780487805 0.0436401 23.1383 1.72036 -4.00683 -2.7320506135
num_pt_398 0.102126829268 0.117839363415 0.0945317073171 0.0364974365854 13.9783 17.04036 6.55317 8.1001808009
num_pt_399 0.0680780487805 0.109404729268 0.0586292682927 0.0577553634146 9.8983 3.56036 -4.64683 0.6928460837
num_pt_400 0.102029268293 0.129057426829 0.0927756097561 0.0416560268293 10.5383 13.60036 -4.16683 -2.9311725145
num_pt_401 0.0578341463415 0.0993675146341 0.0613609756098 0.0414292756098 11.3383 6.44036 -6.92683 -5.4401084671
num_pt_402 0.100565853659 0.126020958537 0.0785317073171 0.0547509097561 18.1783 -1.83964 -5.28683 4.0380940205
num_pt_403 0.0992 0.129141773171 0.0670195121951 0.0325292902439 22.6183 13.28036 1.67317 3.3212551769
num_pt_404 0.0746146341463 0.110416885366 0.0587268292683 0.0355904317073 20.5783 6.40036 5.75317 -1.9753873897
num_pt_405 0.0760780487805 0.127201807317 0.0807756097561 0.0554878512195 6.2983 2.72036 11.19317 -6.0772985503
num_pt_406 0.0657365853659 0.123406221951 0.0810682926829 0.0470413682927 20.6983 13.84036 -1.52683 -7.1127324355
num_pt_407 0.0878829268293 0.122478412195 0.100970731707 0.058492304878 19.6583 14.56036 2.43317 8.8170196445
num_pt_408 0.100468292683 0.108139534146 0.0771658536585 0.0465878658537 10.0583 16.08036 4.15317 -0.6611828431
num_pt_409 0.0961756097561 0.0901737634146 0.0777512195122 0.0363840609756 22.4183 6.88036 -1.32683 -3.7674844987
num_pt_410 0.0913951219512 0.0922824219512 0.0879951219512 0.0464744902439 17.6183 -0.71964 8.31317 5.3522985671
num_pt_411 0.0709073170732 0.121550602439 0.091312195122 0.0383681341463 8.2583 13.56036 1.55317 -4.0860795403
num_pt_412 0.0559804878049 0.0879807585366 0.0668243902439 0.0496490073171 4.0583 3.68036 2.07317 -7.5109762375
num_pt_413 0.0933463414634 0.12332187561 0.0726780487805 0.0570751097561 3.3783 7.40036 -2.68683 7.9010588999
num_pt_414 0.061443902439 0.11412812439 0.0838975609756 0.0512362658537 5.9783 15.16036 9.71317 -4.9622159047
num_pt_415 0.0847609756098 0.12163494878 0.072287804878 0.0355337439024 17.0983 8.72036 8.07317 -5.4002840869
num_pt_416 0.103297560976 0.123659260976 0.0963853658537 0.0395018902439 8.0183 2.56036 8.43317 -9.5818440079
num_pt_417 0.0699317073171 0.106368260976 0.103702439024 0.038538197561 3.2983 8.96036 7.07317 5.0735279057
num_pt_418 0.0821268292683 0.0989457829268 0.0824341463415 0.0461910512195 20.6183 1.28036 2.47317 3.9186208799
num_pt_419 0.0772487804878 0.128720041463 0.0635073170732 0.037574504878 19.8583 0.00036 9.63317 -4.0064307799
num_pt_420 0.0832975609756 0.124165339024 0.0738487804878 0.0359872463415 13.7383 10.48036 4.07317 -6.9534349147
num_pt_421 0.0579317073171 0.0966684317073 0.0853609756098 0.0388783243902 19.0183 -0.27964 -1.48683 -1.0594266451
num_pt_422 0.0980292682927 0.110501231707 0.0721902439024 0.0457942365854 19.8183 16.40036 6.67317 9.5338584881
num_pt_423 0.057443902439 0.109067343902 0.0932634146341 0.0465311780488 16.9783 9.36036 3.23317 -8.7057076435
num_pt_424 0.0708097560976 0.11294727561 0.0888731707317 0.0579821146341 22.9383 12.68036 0.99317 5.3921229473
num_pt_425 0.058712195122 0.111682080488 0.0912146341463 0.0362706853659 7.4983 -0.55964 1.07317 -9.0243026851
num_pt_426 0.0705170731707 0.104090909756 0.0788243902439 0.0519732073171 18.7383 3.04036 9.47317 -3.8471332591
num_pt_427 0.0598829268293 0.105609143902 0.102043902439 0.0320757878049 14.2183 7.20036 10.07317 3.7991477393
num_pt_428 0.0768585365854 0.0888242219512 0.0799951219512 0.0476082463415 11.3783 8.32036 8.27317 -1.2983729263
num_pt_429 0.0985170731707 0.0919450365854 0.0907268292683 0.045510797561 5.4183 6.72036 0.87317 -2.4532799521
num_pt_430 0.0808585365854 0.116827207317 0.104970731707 0.0400120804878 18.2983 16.68036 1.27317 -0.4620609421
num_pt_431 0.0952975609756 0.104934373171 0.0654585365854 0.0453974219512 20.3783 10.60036 7.43317 -5.7188791285
num_pt_432 0.085443902439 0.124840109756 0.102531707317 0.0451706707317 13.3383 10.88036 -3.32683 3.3610795571
num_pt_433 0.0872975609756 0.119526290244 0.10467804878 0.0364407487805 11.7383 9.16036 6.87317 -9.8606146693
num_pt_434 0.0608585365854 0.0982710121951 0.096287804878 0.0556579146341 17.1383 13.88036 10.91317 8.0603564207
num_pt_435 0.0807609756098 0.1273705 0.0925804878049 0.0410324609756 22.6583 -0.35964 7.87317 -8.0685175603
num_pt_436 0.101541463415 0.107970841463 0.0595073170732 0.0521432707317 18.0983 12.84036 -2.08683 -3.4090650769
num_pt_437 0.0684682926829 0.113706392683 0.0893609756098 0.0567349829268 15.3383 7.36036 7.75317 -0.3824121817
num_pt_438 0.0558829268293 0.118598480488 0.0874097560976 0.0437534756098 12.2983 5.20036 2.11317 -6.1967716909
num_pt_439 0.0993951219512 0.127876578049 0.0714097560976 0.0363273731707 12.6183 8.48036 11.59317 5.6708936087
num_pt_440 0.0865170731707 0.0874746804878 0.0709219512195 0.036213997561 16.2983 3.24036 0.15317 -8.3074638415
num_pt_441 0.0632 0.0997049 0.090043902439 0.0500458219512 7.5383 -1.43964 1.51317 5.0337035255
num_pt_442 0.099687804878 0.124249685366 0.0647756097561 0.0540139682927 22.8183 11.84036 11.39317 0.3344266619
num_pt_443 0.0816390243902 0.103247446341 0.0957024390244 0.0340031731707 18.9383 9.08036 -5.08683 0.2149535213
num_pt_444 0.0696390243902 0.1239123 0.0803853658537 0.0349668658537 8.4183 10.56036 9.75317 -1.0992510253
num_pt_445 0.0607609756098 0.0900894170732 0.0819463414634 0.0592859341463 15.0183 13.48036 -3.68683 -1.4576704471
num_pt_446 0.0633951219512 0.0978492804878 0.0786292682927 0.0388216365854 3.8583 14.24036 9.03317 6.9054493949
num_pt_447 0.0989073170732 0.0991144756098 0.0748243902439 0.0477783097561 8.8983 4.24036 -3.44683 7.1045712959
num_pt_448 0.10232195122 0.118767173171 0.082043902439 0.0562247926829 16.0983 6.80036 -5.64683 -7.3516787167
num_pt_449 0.0753951219512 0.117755017073 0.0656536585366 0.0582088658537 22.3383 -0.47964 11.63317 -1.5373192075
num_pt_450 0.0869073170732 0.116068090244 0.0929707317073 0.0531069634146 14.4583 4.60036 11.43317 -1.0196022649
num_pt_451 0.0681756097561 0.094053695122 0.104873170732 0.0438668512195 10.0983 9.88036 -0.76683 -2.1346849105
num_pt_452 0.0553951219512 0.114212470732 0.103507317073 0.0323592268293 12.6983 8.24036 -0.64683 -3.2895919363
num_pt_453 0.0834926829268 0.104175256098 0.0770682926829 0.0443770414634 19.2583 5.40036 0.83317 -9.7809659089
num_pt_454 0.0813463414634 0.128635695122 0.0905317073171 0.0393885146341 9.5783 15.24036 0.51317 6.3877324523
num_pt_455 0.0722731707317 0.126527036585 0.059312195122 0.0460776756098 15.4583 12.88036 -3.16683 1.2902117867
num_pt_456 0.0896390243902 0.0987770902439 0.0651658536585 0.0421662170732 14.5383 7.08036 -1.20683 -6.0374741701
num_pt_457 0.103590243902 0.088233797561 0.0637024390244 0.0583222414634 10.2183 -1.31964 -3.88683 -0.1434659005
num_pt_458 0.0706146341463 0.128045270732 0.0639951219512 0.0380280073171 4.8583 17.16036 -0.88683 3.6000258383
num_pt_459 0.0599804878049 0.0913546121951 0.0958 0.0389917 15.1783 14.00036 -2.84683 3.6796745987
num_pt_460 0.0957853658537 0.121213217073 0.0939463414634 0.0387649487805 11.8583 7.96036 12.27317 -1.3381973065
num_pt_461 0.0790048780488 0.114296817073 0.0805804878049 0.0434133487805 8.5783 15.36036 -0.96683 -2.3338068115
num_pt_462 0.0843707317073 0.0957406219512 0.0650682926829 0.041769402439 15.8183 3.32036 12.47317 -8.3472882217
num_pt_463 0.0910048780488 0.109995153659 0.0876048780488 0.0481751243902 5.3383 7.68036 6.51317 5.2726498067
num_pt_464 0.0997853658537 0.104512641463 0.0626292682927 0.0448305439024 7.2583 0.44036 -1.84683 -9.3827221069
num_pt_465 0.0552 0.107043031707 0.0830195121951 0.0558279780488 7.6183 15.20036 12.87317 -2.0948605303
num_pt_466 0.0995902439024 0.107633456098 0.0570682926829 0.0546375341463 15.2183 8.28036 9.51317 -7.7499225187
num_pt_467 0.0588097560976 0.104596987805 0.104287804878 0.0525400853659 6.4983 12.36036 3.31317 -8.0286931801
num_pt_468 0.0659317073171 0.101560519512 0.079312195122 0.0360439341463 20.2183 9.00036 5.47317 -9.3030733465
num_pt_469 0.103395121951 0.112694236585 0.100190243902 0.0563381682927 5.8183 -0.75964 4.91317 -5.9180010295
num_pt_470 0.0668097560976 0.11817674878 0.0857512195122 0.0436967878049 21.2183 1.76036 2.27317 -4.3250258215
num_pt_471 0.0724682926829 0.102657021951 0.0816536585366 0.0325859780488 13.2983 8.64036 -5.52683 -3.9267820195
num_pt_472 0.0562731707317 0.0998735926829 0.0663365853659 0.0575853 18.5783 2.84036 -4.32683 -9.7013171485
num_pt_473 0.0646634146341 0.0965840853659 0.0988243902439 0.0584356170732 21.4583 9.56036 -0.80683 3.0424845155
num_pt_474 0.0557853658537 0.0970058170732 0.0997024390244 0.0347401146341 13.5383 9.60036 9.99317 4.3965134423
num_pt_475 0.0897365853659 0.109573421951 0.0706292682927 0.0600228756098 7.6583 12.80036 -5.56683 -8.8251807841
num_pt_476 0.0801756097561 0.0907641878049 0.0720926829268 0.059002495122 14.8183 8.12036 -1.40683 4.9142303849
num_pt_477 0.0824195121951 0.111176002439 0.104190243902 0.0541840317073 22.3783 -1.23964 2.91317 -5.8781766493
num_pt_478 0.0581268292683 0.127033114634 0.0644829268293 0.0392751390244 16.4983 12.24036 -4.28683 9.0559659257
num_pt_479 0.0855414634146 0.0890772609756 0.100775609756 0.0511795780488 9.3383 16.80036 2.35317 9.5736828683
num_pt_480 0.0622243902439 0.102150943902 0.0614585365854 0.0321891634146 5.7383 5.72036 -1.16683 -3.0108212749
num_pt_481 0.0567609756098 0.126273997561 0.0834097560976 0.0417127146341 15.1383 17.08036 6.47317 5.7107179889
num_pt_482 0.0593951219512 0.120032368293 0.0841902439024 0.0480617487805 19.9783 -1.79964 -4.56683 8.1400051811
num_pt_483 0.0860292682927 0.0944754268293 0.0694585365854 0.0402955195122 3.4183 10.72036 -4.24683 6.9452737751
num_pt_484 0.0864195121951 0.102488329268 0.0851658536585 0.0457375487805 6.2583 14.04036 -3.08683 -6.2764204513
num_pt_485 0.059687804878 0.117923709756 0.0571658536585 0.0589458073171 19.7783 0.32036 9.19317 8.7771952643
num_pt_486 0.0966634146341 0.118261095122 0.0708243902439 0.0432432853659 8.6183 15.04036 11.83317 8.2594783217
num_pt_487 0.0792975609756 0.127117460976 0.0931658536585 0.0351936170732 12.6583 12.16036 0.19317 9.1356146861
num_pt_488 0.0992975609756 0.104006563415 0.062043902439 0.0587757439024 14.3383 10.24036 2.83317 -9.8207902891
num_pt_489 0.0718829268293 0.108814304878 0.0778487804878 0.0512929536585 22.4583 10.52036 10.11317 -7.7897468989
num_pt_490 0.0872 0.0942223878049 0.0916048780488 0.0397286414634 19.7383 7.84036 -3.84683 2.7238894739
num_pt_491 0.0620292682927 0.118092402439 0.0836048780488 0.0503859487805 21.0183 17.32036 -6.08683 7.6621126187
num_pt_492 0.062712195122 0.116152436585 0.0991170731707 0.0528802121951 6.4183 15.32036 12.39317 3.5602014581
num_pt_493 0.0820292682927 0.128888734146 0.0943365853659 0.0599661878049 22.7783 -1.87964 -2.80683 8.7373708841
num_pt_494 0.0817365853659 0.116321129268 0.073556097561 0.0542407195122 21.8583 5.52036 11.51317 -8.1083419405
num_pt_495 0.0601756097561 0.0934632707317 0.102434146341 0.0533337146341 4.4183 -1.07964 5.51317 1.7282799689
num_pt_496 0.0731512195122 0.102994407317 0.0767756097561 0.0471547439024 11.5783 0.36036 -2.16683 0.4937241827
num_pt_497 0.102614634146 0.0997892463415 0.0814585365854 0.0502725731707 10.4583 13.00036 -1.68683 9.8524535297
num_pt_498 0.0785170731707 0.101813558537 0.0574585365854 0.0530502756098 10.3383 2.00036 -5.32683 -1.4178460669
num_pt_499 0.0613463414634 0.0999579390244 0.0568731707317 0.0506127 10.1383 0.60036 -0.60683 8.2993027019
