0.843 0.273 0.087 0.147 0.739 0.639 0.683 0.963 
0.809 0.363 0.089 0.003 0.813 0.801 0.023 0.997 
0.953 0.637 0.415 0.017 0.657 0.783 0.479 0.191 
0.083 0.847 0.889 0.073 0.357 0.023 0.541 0.585 
0.249 0.823 0.513 0.291 0.787 0.205 0.087 0.091 
0.929 0.369 0.747 0.873 0.941 0.011 0.879 0.243 
0.087 0.685 0.591 0.141 0.447 0.413 0.841 0.993 
0.551 0.209 0.631 0.363 0.185 0.487 0.809 0.081 
0.009 0.197 0.681 0.493 0.601 0.523 0.865 0.781 
0.131 0.877 0.483 0.273 0.501 0.533 0.701 0.421 
0.731 0.227 0.869 0.475 0.859 0.263 0.649 0.749 
0.141 0.611 0.293 0.489 0.705 0.147 0.925 0.591 
0.447 0.415 0.721 0.537 0.479 0.015 0.769 0.923 
0.199 0.313 0.151 0.635 0.035 0.641 0.903 0.447 
0.631 0.715 0.213 0.705 0.853 0.047 0.295 0.943 
0.549 0.507 0.315 0.679 0.845 0.929 0.341 0.373 
0.499 0.311 0.339 0.715 0.995 0.107 0.755 0.867 
0.449 0.541 0.347 0.619 0.027 0.233 0.927 0.039 
0.861 0.783 0.567 0.311 0.467 0.731 0.065 0.811 
0.851 0.393 0.139 0.617 0.535 0.261 0.393 0.199 
0.469 0.697 0.673 0.031 0.359 0.439 0.101 0.215 
0.615 0.805 0.083 0.133 0.311 0.623 0.613 0.337 
0.857 0.467 0.539 0.355 0.199 0.609 0.529 0.515 
0.067 0.551 0.059 0.785 0.725 0.099 0.739 0.423 
0.057 0.281 0.529 0.341 0.957 0.687 0.961 0.369 
0.261 0.305 0.521 0.507 0.933 0.179 0.835 0.207 
0.371 0.935 0.167 0.913 0.297 0.891 0.173 0.737 
0.055 0.493 0.557 0.949 0.137 0.475 0.853 0.505 
0.253 0.465 0.755 0.781 0.849 0.747 0.505 0.597 
0.635 0.775 0.639 0.621 0.419 0.355 0.063 0.651 
0.643 0.261 0.709 0.805 0.389 0.391 0.357 0.509 
0.527 0.379 0.545 0.433 0.695 0.679 0.939 0.041 
0.415 0.959 0.097 0.719 0.005 0.153 0.785 0.021 
0.143 0.707 0.107 0.171 0.835 0.383 0.987 0.747 
0.757 0.717 0.269 0.779 0.543 0.519 0.625 0.975 
0.853 0.179 0.387 0.179 0.799 0.501 0.921 0.103 
0.803 0.259 0.303 0.331 0.871 0.301 0.475 0.809 
0.515 0.481 0.803 0.669 0.611 0.247 0.247 0.247 
0.155 0.095 0.497 0.335 0.075 0.759 0.833 0.487 
0.759 0.125 0.173 0.905 0.387 0.425 0.919 0.613 
0.651 0.067 0.823 0.411 0.667 0.497 0.963 0.353 
0.179 0.159 0.533 0.269 0.243 0.629 0.223 0.807 
0.503 0.549 0.029 0.605 0.549 0.215 0.673 0.195 
0.969 0.091 0.675 0.145 0.151 0.359 0.443 0.327 
0.233 0.237 0.203 0.199 0.337 0.093 0.733 0.569 
0.825 0.779 0.897 0.183 0.181 0.865 0.163 0.691 
0.435 0.185 0.839 0.793 0.975 0.441 0.489 0.549 
0.611 0.899 0.391 0.841 0.473 0.271 0.863 0.859 
0.785 0.517 0.927 0.717 0.253 0.675 0.327 0.913 
0.369 0.317 0.393 0.641 0.921 0.195 0.109 0.971 
0.871 0.509 0.041 0.139 0.575 0.911 0.253 0.349 
0.065 0.807 0.541 0.589 0.463 0.721 0.441 0.545 
0.135 0.295 0.101 0.247 0.029 0.209 0.665 0.381 
0.937 0.287 0.769 0.289 0.793 0.777 0.143 0.879 
0.335 0.593 0.647 0.593 0.043 0.291 0.021 0.891 
0.407 0.097 0.235 0.531 0.743 0.571 0.195 0.073 
0.867 0.015 0.551 0.565 0.481 0.353 0.399 0.045 
0.429 0.353 0.317 0.399 0.369 0.625 0.685 0.141 
0.807 0.885 0.287 0.765 0.121 0.275 0.745 0.969 
0.241 0.025 0.137 0.701 0.597 0.509 0.237 0.441 
0.221 0.825 0.665 0.829 0.819 0.773 0.591 0.127 
0.637 0.625 0.271 0.957 0.097 0.349 0.123 0.847 
0.137 0.667 0.429 0.767 0.323 0.481 0.937 0.477 
0.395 0.359 0.947 0.257 0.455 0.265 0.555 0.533 
0.655 0.505 0.359 0.933 0.459 0.057 0.383 0.757 
0.173 0.167 0.085 0.571 0.653 0.917 0.839 0.235 
0.035 0.361 0.081 0.175 0.115 0.331 0.093 0.069 
0.425 0.003 0.163 0.075 0.735 0.505 0.189 0.277 
0.995 0.329 0.031 0.941 0.529 0.513 0.471 0.673 
0.935 0.229 0.509 0.723 0.267 0.423 0.689 0.311 
0.321 0.375 0.605 0.807 0.767 0.587 0.973 0.999 
0.799 0.797 0.445 0.371 0.247 0.591 0.875 0.881 
0.647 0.907 0.407 0.491 0.863 0.699 0.001 0.019 
0.967 0.455 0.063 0.229 0.271 0.375 0.883 0.189 
0.279 0.145 0.757 0.803 0.509 0.393 0.125 0.493 
0.105 0.331 0.553 0.573 0.391 0.045 0.385 0.931 
0.185 0.569 0.785 0.831 0.187 0.521 0.585 0.639 
0.391 0.767 0.043 0.529 0.979 0.021 0.783 0.279 
0.605 0.407 0.965 0.039 0.573 0.895 0.139 0.577 
0.887 0.839 0.961 0.557 0.089 0.401 0.225 0.261 
0.197 0.641 0.369 0.623 0.425 0.129 0.343 0.771 
0.561 0.129 0.763 0.533 0.989 0.159 0.299 0.813 
0.023 0.979 0.735 0.931 0.967 0.279 0.837 0.271 
0.189 0.119 0.395 0.885 0.427 0.649 0.361 0.255 
0.771 0.991 0.683 0.847 0.395 0.457 0.587 0.465 
0.509 0.131 0.891 0.883 0.195 0.585 0.165 0.015 
0.005 0.865 0.171 0.223 0.927 0.361 0.619 0.193 
0.901 0.659 0.343 0.483 0.261 0.619 0.467 0.507 
0.619 0.445 0.601 0.243 0.403 0.415 0.789 0.951 
0.623 0.971 0.883 0.517 0.179 0.837 0.277 0.229 
0.575 0.831 0.251 0.535 0.641 0.559 0.365 0.355 
0.017 0.453 0.023 0.547 0.163 0.693 0.715 0.497 
0.411 0.165 0.263 0.485 0.149 0.655 0.907 0.995 
0.127 0.577 0.105 0.093 0.619 0.525 0.335 0.929 
0.167 0.341 0.713 0.813 0.113 0.511 0.239 0.521 
0.745 0.045 0.855 0.285 0.125 0.821 0.097 0.887 
0.813 0.873 0.993 0.449 0.857 0.545 0.527 0.445 
0.913 0.459 0.895 0.087 0.683 0.635 0.077 0.671 
0.977 0.081 0.021 0.377 0.507 0.919 0.639 0.539 
0.753 0.253 0.901 0.089 0.383 0.947 0.197 0.209 
0.295 0.961 0.687 0.059 0.949 0.885 0.517 0.417 
0.461 0.143 0.143 0.587 0.589 0.369 0.255 0.171 
0.525 0.945 0.109 0.891 0.909 0.965 0.321 0.695 
0.693 0.965 0.669 0.329 0.417 0.217 0.241 0.643 
0.331 0.643 0.489 0.901 0.227 0.823 0.857 0.341 
0.191 0.351 0.515 0.637 0.537 0.907 0.791 0.201 
0.285 0.267 0.507 0.457 0.579 0.395 0.981 0.119 
0.543 0.035 0.831 0.235 0.153 0.767 0.843 0.727 
0.307 0.345 0.655 0.613 0.061 0.467 0.751 0.239 
0.421 0.161 0.881 0.019 0.037 0.685 0.369 0.863 
0.237 0.319 0.641 0.731 0.217 0.365 0.547 0.113 
0.675 0.761 0.257 0.907 0.555 0.665 0.157 0.705 
0.267 0.713 0.073 0.965 0.031 0.405 0.017 0.933 
0.015 0.373 0.113 0.735 0.547 0.951 0.743 0.589 
0.367 0.573 0.091 0.201 0.903 0.235 0.407 0.715 
0.821 0.013 0.385 0.067 0.961 0.227 0.773 0.479 
0.081 0.521 0.661 0.033 0.915 0.077 0.375 0.703 
0.061 0.639 0.357 0.385 0.235 0.903 0.235 0.435 
0.539 0.743 0.817 0.677 0.861 0.853 0.885 0.817 
0.777 0.645 0.783 0.473 0.581 0.601 0.363 0.701 
0.205 0.693 0.807 0.343 0.621 0.857 0.741 0.949 
0.341 0.533 0.025 0.577 0.633 0.813 0.979 0.275 
0.701 0.001 0.825 0.499 0.497 0.199 0.965 0.317 
0.011 0.323 0.361 0.427 0.803 0.573 0.565 0.861 
0.545 0.905 0.067 0.231 0.607 0.957 0.767 0.323 
0.043 0.759 0.911 0.197 0.755 0.989 0.539 0.273 
0.117 0.933 0.475 0.727 0.807 0.555 0.861 0.751 
0.289 0.821 0.377 0.761 0.063 0.169 0.249 0.693 
0.805 0.739 0.413 0.551 0.821 0.213 0.167 0.265 
0.351 0.741 0.181 0.697 0.613 0.781 0.569 0.909 
0.927 0.725 0.649 0.453 0.723 0.347 0.209 0.567 
0.713 0.529 0.259 0.103 0.955 0.859 0.563 0.033 
0.251 0.007 0.853 0.305 0.677 0.955 0.803 0.037 
0.041 0.733 0.069 0.659 0.009 0.351 0.893 0.357 
0.151 0.301 0.967 0.559 0.745 0.775 0.401 0.593 
0.607 0.879 0.621 0.055 0.413 0.743 0.819 0.875 
0.751 0.315 0.729 0.543 0.483 0.389 0.323 0.767 
0.343 0.591 0.941 0.339 0.713 0.445 0.353 0.953 
0.529 0.503 0.847 0.301 0.919 0.043 0.799 0.889 
0.679 0.795 0.731 0.207 0.489 0.925 0.817 0.869 
0.031 0.101 0.963 0.511 0.697 0.287 0.515 0.873 
0.223 0.705 0.555 0.525 0.891 0.991 0.453 0.211 
0.007 0.243 0.535 0.825 0.249 0.079 0.301 0.095 
0.481 0.021 0.609 0.253 0.441 0.949 0.397 0.519 
0.409 0.679 0.469 0.747 0.707 0.961 0.307 0.269 
0.709 0.555 0.027 0.627 0.203 0.941 0.171 0.517 
0.903 0.169 0.459 0.599 0.715 0.737 0.355 0.665 
0.589 0.423 0.133 0.037 0.645 0.259 0.287 0.689 
0.333 0.967 0.955 0.633 0.545 0.673 0.667 0.553 
0.219 0.871 0.183 0.149 0.627 0.421 0.419 0.017 
0.603 0.339 0.821 0.357 0.495 0.249 0.675 0.011 
0.671 0.207 0.119 0.743 0.117 0.327 0.891 0.391 
0.399 0.183 0.039 0.925 0.329 0.229 0.827 0.437 
0.691 0.107 0.493 0.429 0.833 0.157 0.959 0.547 
0.125 0.973 0.527 0.375 0.201 0.985 0.051 0.893 
0.297 0.687 0.179 0.629 0.559 0.083 0.147 0.987 
0.959 0.461 0.959 0.469 0.937 0.017 0.449 0.775 
0.381 0.987 0.579 0.393 0.737 0.491 0.749 0.989 
0.763 0.727 0.575 0.293 0.057 0.277 0.567 0.803 
0.685 0.875 0.875 0.381 0.207 0.963 0.039 0.047 
0.501 0.441 0.585 0.397 0.457 0.133 0.935 0.351 
0.797 0.719 0.885 0.869 0.901 0.105 0.203 0.787 
0.749 0.947 0.159 0.795 0.531 0.241 0.633 0.687 
0.837 0.777 0.937 0.903 0.333 0.741 0.133 0.707 
0.215 0.553 0.705 0.773 0.779 0.863 0.329 0.611 
0.667 0.479 0.593 0.365 0.917 0.897 0.283 0.947 
0.455 0.389 0.877 0.061 0.431 0.493 0.705 0.459 
0.423 0.669 0.265 0.279 0.371 0.101 0.551 0.359 
0.889 0.421 0.193 0.695 0.293 0.001 0.647 0.399 
0.355 0.511 0.217 0.699 0.493 0.977 0.969 0.431 
0.689 0.903 0.403 0.967 0.761 0.231 0.509 0.393 
0.905 0.235 0.685 0.461 0.379 0.465 0.053 0.115 
0.073 0.367 0.003 0.675 0.017 0.449 0.117 0.117 
0.775 0.219 0.949 0.127 0.255 0.071 0.015 0.609 
0.949 0.327 0.165 0.481 0.567 0.717 0.461 0.005 
0.101 0.047 0.917 0.319 0.475 0.565 0.991 0.213 
0.265 0.561 0.001 0.191 0.749 0.111 0.291 0.985 
0.433 0.477 0.909 0.443 0.443 0.561 0.605 0.663 
0.139 0.913 0.295 0.987 0.571 0.797 0.735 0.085 
0.717 0.833 0.893 0.005 0.887 0.257 0.159 0.583 
0.147 0.617 0.547 0.921 0.393 0.669 0.037 0.063 
0.203 0.275 0.019 0.733 0.189 0.847 0.029 0.945 
0.471 0.199 0.657 0.391 0.471 0.659 0.897 0.043 
0.273 0.661 0.697 0.991 0.011 0.611 0.503 0.523 
0.171 0.883 0.791 0.465 0.155 0.583 0.709 0.857 
0.565 0.647 0.327 0.823 0.339 0.081 0.413 0.557 
0.383 0.155 0.583 0.909 0.469 0.755 0.271 0.927 
0.029 0.673 0.071 0.265 0.135 0.663 0.723 0.527 
0.923 0.769 0.153 0.713 0.331 0.831 0.003 0.719 
0.207 0.087 0.929 0.137 0.685 0.283 0.761 0.461 
0.511 0.449 0.389 0.333 0.073 0.123 0.481 0.227 
0.827 0.989 0.383 0.709 0.631 0.603 0.881 0.335 
0.645 0.663 0.007 0.751 0.605 0.127 0.289 0.897 
0.531 0.799 0.695 0.771 0.587 0.211 0.953 0.065 
0.217 0.691 0.477 0.241 0.671 0.627 0.867 0.697 
0.535 0.515 0.805 0.437 0.349 0.707 0.483 0.463 
0.997 0.729 0.335 0.101 0.191 0.469 0.607 0.595 
0.113 0.921 0.157 0.595 0.951 0.005 0.713 0.129 
0.559 0.621 0.273 0.077 0.335 0.273 0.447 0.455 
0.743 0.983 0.589 0.221 0.433 0.799 0.269 0.855 
0.019 0.755 0.053 0.369 0.783 0.451 0.391 0.743 
0.027 0.037 0.957 0.373 0.141 0.407 0.579 0.819 
0.961 0.601 0.573 0.769 0.069 0.969 0.737 0.647 
0.915 0.995 0.733 0.607 0.229 0.343 0.711 0.571 
0.183 0.665 0.659 0.287 0.867 0.539 0.627 0.955 
0.789 0.443 0.313 0.503 0.561 0.313 0.721 0.143 
0.987 0.177 0.677 0.395 0.615 0.097 0.495 0.511 
0.779 0.405 0.409 0.079 0.717 0.461 0.103 0.347 
0.387 0.835 0.201 0.009 0.225 0.377 0.205 0.733 
0.457 0.029 0.815 0.745 0.055 0.435 0.005 0.281 
0.925 0.957 0.051 0.013 0.505 0.049 0.629 0.531 
0.973 0.213 0.481 0.853 0.599 0.433 0.971 0.865 
0.741 0.735 0.561 0.863 0.215 0.877 0.795 0.419 
0.729 0.843 0.345 0.035 0.405 0.203 0.763 0.163 
0.573 0.589 0.365 0.227 0.241 0.061 0.525 0.917 
0.345 0.163 0.301 0.943 0.711 0.295 0.465 0.845 
0.579 0.563 0.921 0.947 0.319 0.749 0.417 0.537 
0.505 0.083 0.229 0.111 0.791 0.881 0.085 0.179 
0.613 0.457 0.699 0.303 0.499 0.757 0.915 0.031 
0.719 0.089 0.435 0.091 0.275 0.769 0.609 0.329 
0.025 0.059 0.309 0.645 0.759 0.409 0.813 0.977 
0.627 0.925 0.615 0.043 0.065 0.657 0.787 0.377 
0.227 0.747 0.773 0.029 0.769 0.317 0.549 0.915 
0.981 0.307 0.247 0.097 0.675 0.431 0.511 0.001 
0.281 0.619 0.523 0.649 0.773 0.371 0.217 0.407 
0.325 0.567 0.455 0.683 0.539 0.145 0.491 0.625 
0.495 0.633 0.789 0.545 0.415 0.967 0.121 0.641 
0.737 0.941 0.215 0.801 0.313 0.051 0.201 0.627 
0.841 0.537 0.925 0.501 0.679 0.803 0.013 0.309 
0.557 0.093 0.379 0.447 0.439 0.267 0.095 0.563 
0.235 0.293 0.843 0.789 0.965 0.473 0.561 0.741 
0.703 0.277 0.517 0.497 0.981 0.711 0.045 0.911 
0.939 0.343 0.725 0.917 0.771 0.067 0.127 0.621 
0.965 0.041 0.233 0.047 0.429 0.055 0.845 0.725 
0.349 0.447 0.663 0.459 0.325 0.245 0.669 0.551 
0.517 0.063 0.005 0.165 0.785 0.367 0.671 0.161 
0.047 0.431 0.751 0.999 0.373 0.709 0.331 0.035 
0.831 0.595 0.519 0.215 0.687 0.819 0.115 0.397 
0.063 0.433 0.279 0.015 0.351 0.175 0.155 0.729 
0.895 0.309 0.017 0.579 0.639 0.589 0.243 0.785 
0.569 0.241 0.485 0.173 0.095 0.121 0.169 0.709 
0.177 0.787 0.093 0.167 0.991 0.725 0.905 0.607 
0.357 0.657 0.543 0.985 0.015 0.139 0.695 0.883 
0.537 0.157 0.311 0.989 0.527 0.599 0.067 0.805 
0.315 0.813 0.569 0.839 0.815 0.009 0.765 0.657 
0.397 0.631 0.537 0.007 0.899 0.419 0.313 0.217 
0.591 0.321 0.871 0.233 0.943 0.379 0.977 0.783 
0.075 0.135 0.161 0.439 0.047 0.411 0.553 0.409 
0.801 0.171 0.643 0.011 0.731 0.791 0.951 0.485 
0.475 0.349 0.441 0.915 0.423 0.325 0.107 0.291 
0.467 0.599 0.467 0.585 0.123 0.339 0.677 0.457 
0.033 0.151 0.737 0.121 0.699 0.873 0.387 0.181 
0.493 0.411 0.175 0.867 0.239 0.149 0.075 0.795 
0.389 0.391 0.241 0.299 0.753 0.437 0.311 0.655 
0.665 0.471 0.169 0.387 0.223 0.715 0.941 0.905 
0.725 0.055 0.453 0.857 0.905 0.091 0.019 0.841 
0.161 0.247 0.281 0.827 0.733 0.939 0.431 0.575 
0.883 0.073 0.919 0.523 0.557 0.003 0.451 0.555 
0.497 0.701 0.595 0.889 0.805 0.309 0.651 0.233 
0.405 0.855 0.983 0.849 0.049 0.463 0.559 0.489 
0.255 0.731 0.127 0.423 0.169 0.643 0.589 0.101 
0.609 0.255 0.671 0.041 0.797 0.705 0.493 0.123 
0.859 0.737 0.625 0.161 0.377 0.723 0.231 0.083 
0.669 0.245 0.443 0.367 0.051 0.223 0.849 0.573 
0.393 0.419 0.667 0.951 0.515 0.039 0.057 0.325 
0.633 0.205 0.291 0.981 0.885 0.221 0.259 0.495 
0.673 0.451 0.651 0.431 0.175 0.037 0.185 0.301 
0.761 0.485 0.249 0.309 0.341 0.073 0.215 0.051 
0.051 0.765 0.549 0.961 0.105 0.817 0.571 0.919 
0.303 0.033 0.739 0.021 0.445 0.703 0.691 0.187 
0.353 0.603 0.987 0.893 0.929 0.557 0.901 0.105 
0.283 0.019 0.479 0.349 0.525 0.089 0.187 0.453 
0.413 0.585 0.899 0.027 0.257 0.319 0.643 0.263 
0.593 0.215 0.135 0.575 0.347 0.201 0.663 0.007 
0.347 0.709 0.421 0.895 0.277 0.069 0.145 0.685 
0.881 0.861 0.013 0.085 0.689 0.789 0.381 0.791 
0.419 0.023 0.447 0.441 0.461 0.739 0.657 0.087 
0.755 0.371 0.835 0.835 0.673 0.117 0.469 0.961 
0.153 0.075 0.953 0.975 0.085 0.031 0.557 0.121 
0.163 0.365 0.129 0.725 0.865 0.337 0.535 0.411 
0.911 0.333 0.795 0.205 0.059 0.443 0.999 0.619 
0.823 0.173 0.689 0.405 0.895 0.193 0.577 0.175 
0.111 0.009 0.397 0.001 0.033 0.311 0.373 0.877 
0.245 0.265 0.277 0.225 0.213 0.417 0.265 0.293 
0.951 0.117 0.809 0.583 0.023 0.455 0.439 0.837 
0.699 0.115 0.337 0.351 0.053 0.025 0.141 0.023 
0.769 0.065 0.741 0.071 0.233 0.013 0.183 0.257 
0.931 0.201 0.047 0.663 0.811 0.825 0.261 0.297 
0.523 0.909 0.597 0.217 0.487 0.751 0.033 0.635 
0.917 0.147 0.717 0.729 0.635 0.869 0.531 0.561 
0.243 0.535 0.923 0.295 0.503 0.191 0.575 0.843 
0.839 0.815 0.197 0.953 0.693 0.535 0.825 0.131 
0.377 0.587 0.787 0.239 0.343 0.553 0.031 0.159 
0.085 0.723 0.491 0.741 0.345 0.567 0.949 0.385 
0.875 0.427 0.611 0.937 0.841 0.119 0.349 0.667 
0.257 0.811 0.045 0.107 0.665 0.915 0.219 0.177 
0.695 0.031 0.913 0.971 0.409 0.779 0.405 0.921 
0.175 0.651 0.121 0.945 0.831 0.543 0.433 0.623 
0.445 0.949 0.565 0.977 0.127 0.867 0.427 0.501 
0.781 0.943 0.981 0.081 0.661 0.617 0.523 0.413 
0.963 0.773 0.363 0.407 0.041 0.695 0.507 0.713 
0.001 0.543 0.505 0.361 0.827 0.577 0.909 0.285 
0.071 0.711 0.439 0.421 0.477 0.187 0.621 0.157 
0.069 0.571 0.055 0.797 0.839 0.653 0.659 0.149 
0.247 0.889 0.629 0.213 0.263 0.645 0.521 0.197 
0.513 0.609 0.849 0.843 0.143 0.787 0.281 0.895 
0.309 0.099 0.115 0.527 0.519 0.833 0.179 0.763 
0.115 0.771 0.587 0.673 0.091 0.305 0.317 0.367 
0.095 0.845 0.603 0.389 0.491 0.701 0.601 0.173 
0.707 0.803 0.095 0.687 0.651 0.883 0.267 0.899 
0.165 0.231 0.845 0.245 0.809 0.085 0.597 0.631 
0.103 0.867 0.903 0.879 0.131 0.841 0.807 0.467 
0.259 0.681 0.633 0.153 0.101 0.251 0.637 0.529 
0.431 0.675 0.951 0.927 0.911 0.029 0.967 0.937 
0.427 0.109 0.977 0.611 0.021 0.185 0.135 0.835 
0.109 0.901 0.973 0.959 0.855 0.033 0.989 0.793 
0.705 0.085 0.319 0.025 0.119 0.035 0.111 0.077 
0.577 0.801 0.851 0.569 0.465 0.765 0.379 0.307 
0.003 0.325 0.703 0.737 0.161 0.795 0.305 0.979 
0.999 0.193 0.707 0.251 0.999 0.385 0.263 0.513 
0.697 0.113 0.887 0.749 0.879 0.109 0.463 0.267 
0.943 0.191 0.189 0.063 0.139 0.943 0.409 0.481 
0.053 0.893 0.149 0.115 0.655 0.633 0.233 0.433 
0.767 0.809 0.147 0.169 0.159 0.447 0.829 0.871 
0.317 0.269 0.837 0.755 0.167 0.285 0.191 0.389 
0.909 0.969 0.777 0.887 0.873 0.499 0.221 0.425 
0.339 0.425 0.935 0.211 0.067 0.403 0.359 0.053 
0.323 0.613 0.451 0.163 0.777 0.785 0.161 0.183 
0.107 0.997 0.009 0.045 0.907 0.143 0.193 0.797 
0.989 0.869 0.381 0.347 0.381 0.357 0.325 0.677 
0.231 0.469 0.627 0.495 0.265 0.953 0.089 0.155 
0.585 0.891 0.065 0.155 0.287 0.981 0.877 0.973 
0.159 0.049 0.307 0.935 0.211 0.007 0.083 0.237 
0.327 0.927 0.125 0.425 0.281 0.019 0.519 0.093 
0.271 0.283 0.185 0.591 0.985 0.805 0.245 0.097 
0.119 0.981 0.283 0.519 0.375 0.485 0.119 0.009 
0.077 0.079 0.037 0.131 0.093 0.225 0.499 0.079 
0.459 0.993 0.349 0.487 0.259 0.995 0.957 0.565 
0.091 0.919 0.123 0.271 0.111 0.125 0.985 0.735 
0.533 0.239 0.353 0.479 0.883 0.427 0.929 0.925 
0.811 0.785 0.371 0.855 0.147 0.959 0.703 0.055 
0.133 0.653 0.985 0.417 0.591 0.815 0.347 0.363 
0.677 0.695 0.719 0.777 0.963 0.269 0.059 0.223 
0.451 0.745 0.619 0.541 0.757 0.983 0.473 0.633 
0.093 0.429 0.079 0.237 0.279 0.063 0.333 0.251 
0.375 0.395 0.617 0.323 0.721 0.219 0.041 0.761 
0.855 0.187 0.195 0.099 0.081 0.087 0.655 0.401 
0.653 0.377 0.819 0.151 0.367 0.733 0.947 0.777 
0.313 0.629 0.239 0.775 0.765 0.373 0.831 0.935 
0.941 0.863 0.061 0.083 0.077 0.851 0.779 0.839 
0.477 0.139 0.645 0.049 0.173 0.483 0.611 0.365 
0.169 0.579 0.563 0.513 0.209 0.999 0.595 0.025 
0.305 0.291 0.223 0.955 0.703 0.027 0.543 0.427 
0.079 0.841 0.333 0.877 0.295 0.927 0.697 0.759 
0.299 0.175 0.571 0.325 0.825 0.691 0.227 0.957 
0.571 0.077 0.613 0.609 0.747 0.931 0.429 0.299 
0.329 0.223 0.991 0.177 0.221 0.345 0.771 0.851 
0.723 0.057 0.299 0.023 0.385 0.683 0.071 0.361 
0.893 0.225 0.289 0.973 0.847 0.913 0.047 0.675 
0.021 0.689 0.275 0.345 0.183 0.529 0.729 0.343 
0.311 0.837 0.723 0.875 0.789 0.113 0.681 0.789 
0.463 0.251 0.969 0.563 0.569 0.763 0.943 0.825 
0.793 0.337 0.237 0.549 0.959 0.905 0.211 0.153 
0.089 0.955 0.989 0.643 0.001 0.713 0.099 0.745 
0.293 0.911 0.473 0.615 0.451 0.363 0.747 0.151 
0.555 0.401 0.829 0.435 0.763 0.173 0.793 0.559 
0.581 0.655 0.715 0.143 0.623 0.771 0.583 0.339 
0.921 0.387 0.285 0.069 0.945 0.477 0.887 0.231 
0.363 0.335 0.329 0.721 0.317 0.321 0.279 0.139 
0.275 0.683 0.511 0.703 0.583 0.181 0.199 0.679 
0.491 0.027 0.759 0.911 0.837 0.921 0.975 0.833 
0.013 0.189 0.245 0.403 0.969 0.845 0.955 0.375 
0.869 0.545 0.341 0.379 0.659 0.303 0.285 0.683 
0.975 0.017 0.637 0.603 0.411 0.293 0.983 0.333 
0.507 0.985 0.399 0.159 0.045 0.807 0.497 0.249 
0.891 0.385 0.765 0.833 0.307 0.399 0.345 0.449 
0.239 0.951 0.653 0.993 0.197 0.115 0.105 0.225 
0.849 0.565 0.979 0.353 0.025 0.745 0.911 0.245 
0.439 0.547 0.321 0.383 0.019 0.489 0.603 0.049 
0.039 0.851 0.797 0.401 0.551 0.495 0.899 0.289 
0.541 0.127 0.691 0.451 0.485 0.975 0.273 0.241 
0.683 0.473 0.131 0.783 0.595 0.059 0.725 0.383 
0.437 0.525 0.221 0.467 0.719 0.945 0.435 0.295 
0.659 0.853 0.243 0.185 0.087 0.065 0.175 0.387 
0.907 0.531 0.971 0.693 0.947 0.893 0.855 0.765 
0.211 0.397 0.931 0.561 0.133 0.971 0.177 0.827 
0.519 0.417 0.999 0.819 0.193 0.471 0.213 0.617 
0.037 0.487 0.865 0.125 0.643 0.987 0.759 0.483 
0.625 0.483 0.103 0.113 0.129 0.735 0.049 0.717 
0.195 0.195 0.867 0.515 0.269 0.103 0.091 0.057 
0.587 0.923 0.577 0.661 0.273 0.281 0.895 0.111 
0.873 0.753 0.779 0.653 0.877 0.253 0.129 0.027 
0.681 0.757 0.457 0.313 0.923 0.973 0.367 0.769 
0.453 0.489 0.425 0.419 0.647 0.131 0.581 0.405 
0.641 0.953 0.015 0.181 0.523 0.315 0.309 0.831 
0.733 0.289 0.261 0.691 0.219 0.811 0.797 0.579 
0.521 0.069 0.207 0.861 0.309 0.647 0.717 0.147 
0.845 0.233 0.077 0.581 0.361 0.429 0.617 0.287 
0.121 0.403 0.811 0.555 0.973 0.935 0.151 0.003 
0.687 0.789 0.771 0.109 0.881 0.581 0.319 0.801 
0.045 0.523 0.449 0.317 0.953 0.871 0.719 0.903 
0.361 0.623 0.011 0.261 0.875 0.453 0.599 0.901 
0.443 0.399 0.231 0.711 0.897 0.041 0.061 0.305 
0.157 0.849 0.155 0.763 0.321 0.889 0.913 0.601 
0.403 0.211 0.297 0.123 0.079 0.575 0.137 0.403 
0.847 0.497 0.049 0.445 0.399 0.761 0.545 0.345 
0.661 0.381 0.461 0.505 0.823 0.887 0.113 0.939 
0.049 0.513 0.833 0.881 0.305 0.537 0.775 0.721 
0.795 0.355 0.373 0.277 0.851 0.839 0.131 0.473 
0.971 0.627 0.841 0.597 0.177 0.809 0.781 0.075 
0.567 0.121 0.209 0.297 0.781 0.879 0.377 0.739 
0.993 0.299 0.975 0.095 0.701 0.135 0.631 0.167 
0.727 0.285 0.915 0.315 0.727 0.335 0.423 0.415 
0.553 0.999 0.471 0.119 0.039 0.855 0.229 0.599 
0.783 0.005 0.799 0.919 0.421 0.541 0.455 0.849 
0.441 0.559 0.253 0.455 0.285 0.255 0.533 0.491 
0.621 0.203 0.267 0.193 0.893 0.397 0.859 0.205 
0.597 0.249 0.145 0.263 0.435 0.661 0.371 0.013 
0.373 0.383 0.255 0.817 0.541 0.615 0.871 0.755 
0.213 0.105 0.035 0.259 0.071 0.899 0.445 0.429 
0.181 0.153 0.743 0.209 0.751 0.165 0.257 0.699 
0.301 0.881 0.801 0.939 0.327 0.167 0.207 0.331 
0.773 0.829 0.499 0.685 0.829 0.651 0.995 0.061 
0.473 0.793 0.191 0.117 0.401 0.937 0.753 0.753 
0.379 0.963 0.873 0.327 0.817 0.697 0.297 0.823 
0.817 0.495 0.701 0.053 0.365 0.909 0.079 0.137 
0.149 0.791 0.861 0.979 0.663 0.569 0.727 0.469 
0.401 0.435 0.431 0.283 0.669 0.155 0.415 0.885 
0.933 0.475 0.187 0.787 0.775 0.297 0.889 0.779 
0.747 0.583 0.581 0.871 0.171 0.161 0.395 0.125 
0.863 0.859 0.827 0.471 0.553 0.479 0.389 0.371 
0.489 0.527 0.405 0.757 0.283 0.593 0.699 0.907 
0.649 0.699 0.141 0.307 0.977 0.197 0.009 0.313 
0.595 0.061 0.495 0.203 0.407 0.563 0.933 0.587 
0.287 0.413 0.995 0.639 0.397 0.667 0.593 0.941 
0.897 0.111 0.749 0.509 0.729 0.681 0.869 0.219 
0.663 0.053 0.813 0.995 0.637 0.637 0.073 0.439 
0.097 0.887 0.463 0.851 0.843 0.933 0.731 0.991 
0.791 0.915 0.945 0.477 0.577 0.671 0.337 0.451 
0.833 0.347 0.939 0.815 0.103 0.323 0.615 0.669 
0.225 0.297 0.711 0.809 0.913 0.727 0.149 0.629 
0.639 0.929 0.693 0.553 0.449 0.189 0.801 0.981 
0.263 0.133 0.211 0.665 0.931 0.835 0.035 0.443 
0.365 0.137 0.355 0.359 0.513 0.861 0.303 0.029 
0.479 0.257 0.501 0.859 0.245 0.901 0.993 0.165 
0.657 0.149 0.177 0.667 0.083 0.979 0.653 0.543 
0.983 0.749 0.531 0.195 0.511 0.827 0.537 0.821 
0.417 0.751 0.863 0.759 0.237 0.923 0.477 0.315 
0.617 0.357 0.879 0.799 0.205 0.333 0.573 0.379 
0.059 0.439 0.199 0.337 0.299 0.607 0.251 0.853 
0.739 0.931 0.775 0.845 0.437 0.237 0.315 0.099 
0.819 0.635 0.745 0.791 0.609 0.531 0.025 0.603 
0.899 0.975 0.227 0.187 0.291 0.243 0.635 0.089 
0.991 0.501 0.761 0.129 0.251 0.549 0.641 0.395 
0.919 0.279 0.559 0.897 0.301 0.137 0.847 0.653 
0.955 0.051 0.905 0.321 0.145 0.207 0.945 0.319 
0.193 0.817 0.933 0.837 0.565 0.793 0.351 0.525 
0.945 0.615 0.781 0.689 0.585 0.843 0.513 0.475 
0.487 0.781 0.437 0.189 0.563 0.719 0.293 0.711 
0.715 0.463 0.033 0.899 0.709 0.053 0.007 0.659 
0.583 0.703 0.219 0.631 0.315 0.289 0.777 0.499 
0.877 0.103 0.075 0.963 0.107 0.677 0.623 0.959 
0.787 0.857 0.225 0.521 0.109 0.239 0.485 0.637 
0.319 0.917 0.607 0.057 0.987 0.341 0.873 0.773 
0.465 0.597 0.679 0.647 0.533 0.183 0.811 0.133 
0.291 0.039 0.331 0.463 0.289 0.993 0.501 0.967 
0.865 0.557 0.907 0.681 0.517 0.621 0.069 0.107 
0.563 0.071 0.099 0.567 0.741 0.527 0.411 0.253 
0.547 0.827 0.427 0.275 0.939 0.151 0.687 0.645 
0.765 0.937 0.423 0.707 0.889 0.997 0.821 0.109 
0.229 0.217 0.305 0.105 0.649 0.381 0.997 0.135 
0.815 0.539 0.325 0.051 0.003 0.299 0.459 0.067 
0.359 0.491 0.205 0.255 0.997 0.387 0.757 0.471 
0.129 0.671 0.859 0.753 0.521 0.503 0.181 0.071 
0.485 0.721 0.465 0.135 0.801 0.729 0.055 0.965 
0.599 0.607 0.857 0.923 0.603 0.459 0.823 0.829 
0.985 0.575 0.367 0.249 0.157 0.547 0.815 0.503 
0.483 0.977 0.793 0.671 0.625 0.515 0.805 0.059 
0.979 0.043 0.417 0.625 0.355 0.631 0.011 0.541 
0.601 0.123 0.111 0.409 0.983 0.163 0.425 0.535 
0.337 0.271 0.117 0.865 0.681 0.141 0.487 0.169 
0.957 0.581 0.487 0.929 0.935 0.753 0.931 0.303 
0.835 0.221 0.623 0.281 0.013 0.075 0.275 0.605 
0.209 0.499 0.525 0.657 0.691 0.329 0.917 0.283 
0.885 0.819 0.997 0.811 0.617 0.613 0.153 0.649 
0.269 0.303 0.599 0.997 0.363 0.551 0.081 0.221 
0.385 0.605 0.767 0.415 0.231 0.517 0.457 0.723 
0.187 0.649 0.375 0.651 0.353 0.595 0.403 0.815 
0.721 0.409 0.401 0.655 0.593 0.507 0.851 0.799 
0.277 0.141 0.635 0.065 0.453 0.605 0.661 0.185 
0.145 0.519 0.323 0.413 0.629 0.579 0.645 0.145 
0.829 0.897 0.727 0.157 0.993 0.095 0.693 0.259 
0.201 0.011 0.943 0.739 0.303 0.849 0.437 0.983 
0.947 0.677 0.411 0.539 0.795 0.597 0.707 0.203 
0.711 0.939 0.433 0.601 0.007 0.689 0.339 0.681 
0.735 0.437 0.419 0.219 0.925 0.829 0.679 0.321 
0.123 0.263 0.057 0.969 0.971 0.307 0.421 0.615 
0.099 0.895 0.503 0.983 0.165 0.171 0.923 0.661 
0.629 0.181 0.753 0.821 0.099 0.875 0.043 0.581 
0.879 0.763 0.351 0.267 0.869 0.177 0.027 0.731 
