0.027 0.167 0.821 0.347 0.247 0.727 0.095 0.599 
0.909 0.917 0.275 0.739 0.223 0.603 0.229 0.057 
0.583 0.293 0.053 0.209 0.073 0.729 0.367 0.105 
0.043 0.023 0.685 0.459 0.189 0.219 0.765 0.725 
0.385 0.713 0.247 0.847 0.053 0.097 0.275 0.295 
0.811 0.125 0.387 0.957 0.923 0.923 0.719 0.423 
0.279 0.063 0.505 0.319 0.095 0.363 0.605 0.501 
0.465 0.907 0.155 0.349 0.545 0.517 0.745 0.933 
0.397 0.171 0.325 0.297 0.433 0.141 0.499 0.181 
0.727 0.771 0.221 0.723 0.023 0.451 0.527 0.711 
0.111 0.471 0.129 0.717 0.327 0.645 0.097 0.573 
0.125 0.989 0.909 0.067 0.987 0.119 0.435 0.045 
0.259 0.905 0.219 0.155 0.869 0.713 0.465 0.019 
0.935 0.911 0.809 0.921 0.807 0.223 0.519 0.055 
0.649 0.019 0.609 0.141 0.791 0.139 0.955 0.185 
0.455 0.903 0.455 0.799 0.519 0.851 0.823 0.063 
0.975 0.097 0.287 0.641 0.117 0.459 0.961 0.413 
0.459 0.527 0.171 0.341 0.499 0.965 0.255 0.277 
0.715 0.361 0.985 0.575 0.019 0.783 0.633 0.611 
0.555 0.501 0.253 0.445 0.207 0.611 0.061 0.333 
0.249 0.791 0.279 0.603 0.509 0.297 0.965 0.891 
0.529 0.799 0.299 0.281 0.121 0.753 0.985 0.781 
0.819 0.339 0.729 0.325 0.669 0.891 0.319 0.965 
0.847 0.701 0.017 0.119 0.885 0.763 0.691 0.659 
0.177 0.045 0.103 0.891 0.793 0.003 0.891 0.765 
0.383 0.993 0.901 0.065 0.699 0.197 0.237 0.593 
0.917 0.741 0.027 0.531 0.003 0.317 0.379 0.485 
0.881 0.373 0.727 0.663 0.373 0.505 0.371 0.841 
0.761 0.043 0.425 0.617 0.525 0.225 0.333 0.411 
0.991 0.289 0.541 0.111 0.035 0.787 0.845 0.515 
0.549 0.207 0.475 0.671 0.393 0.277 0.145 0.053 
0.403 0.897 0.091 0.971 0.275 0.635 0.735 0.189 
0.487 0.139 0.785 0.517 0.695 0.647 0.583 0.249 
0.535 0.491 0.797 0.075 0.253 0.597 0.549 0.619 
0.245 0.461 0.887 0.669 0.209 0.199 0.523 0.691 
0.051 0.173 0.441 0.637 0.419 0.955 0.027 0.743 
0.679 0.229 0.329 0.615 0.615 0.951 0.257 0.399 
0.885 0.755 0.923 0.259 0.555 0.011 0.037 0.865 
0.393 0.827 0.539 0.789 0.297 0.301 0.959 0.265 
0.979 0.703 0.263 0.357 0.801 0.741 0.933 0.633 
0.713 0.793 0.861 0.569 0.141 0.187 0.449 0.549 
0.689 0.779 0.465 0.461 0.515 0.085 0.085 0.799 
0.663 0.085 0.585 0.311 0.861 0.417 0.847 0.713 
0.401 0.591 0.955 0.977 0.645 0.107 0.905 0.465 
0.501 0.823 0.589 0.911 0.197 0.177 0.115 0.627 
0.517 0.959 0.689 0.383 0.721 0.837 0.345 0.605 
0.959 0.161 0.411 0.505 0.755 0.547 0.453 0.719 
0.157 0.345 0.093 0.131 0.583 0.211 0.635 0.409 
0.325 0.617 0.227 0.221 0.697 0.747 0.671 0.727 
0.693 0.223 0.571 0.387 0.637 0.959 0.751 0.211 
0.701 0.925 0.853 0.315 0.129 0.809 0.301 0.647 
0.271 0.245 0.029 0.981 0.845 0.883 0.813 0.897 
0.825 0.683 0.607 0.121 0.093 0.509 0.383 0.607 
0.331 0.733 0.229 0.247 0.725 0.687 0.773 0.959 
0.719 0.397 0.745 0.693 0.477 0.321 0.205 0.561 
0.585 0.375 0.989 0.059 0.215 0.917 0.783 0.857 
0.349 0.441 0.601 0.611 0.159 0.631 0.613 0.947 
0.681 0.901 0.049 0.583 0.999 0.295 0.623 0.241 
0.901 0.777 0.621 0.683 0.487 0.271 0.505 0.089 
0.579 0.871 0.095 0.661 0.747 0.781 0.535 0.523 
0.569 0.629 0.395 0.825 0.979 0.685 0.793 0.177 
0.653 0.651 0.197 0.479 0.443 0.299 0.825 0.581 
0.625 0.937 0.255 0.025 0.527 0.181 0.791 0.875 
0.371 0.795 0.617 0.725 0.709 0.071 0.495 0.903 
0.189 0.723 0.037 0.093 0.055 0.913 0.989 0.247 
0.541 0.525 0.285 0.837 0.063 0.025 0.611 0.949 
0.109 0.709 0.291 0.821 0.675 0.491 0.997 0.001 
0.085 0.199 0.771 0.729 0.981 0.179 0.977 0.461 
0.807 0.135 0.737 0.503 0.335 0.377 0.023 0.481 
0.405 0.821 0.445 0.879 0.589 0.859 0.337 0.817 
0.069 0.725 0.565 0.695 0.891 0.989 0.191 0.067 
0.977 0.209 0.089 0.363 0.543 0.303 0.277 0.029 
0.281 0.931 0.997 0.677 0.171 0.153 0.111 0.557 
0.793 0.177 0.651 0.985 0.111 0.545 0.907 0.405 
0.433 0.699 0.717 0.627 0.837 0.501 0.909 0.381 
0.503 0.695 0.159 0.499 0.367 0.799 0.775 0.383 
0.003 0.665 0.347 0.391 0.655 0.385 0.321 0.635 
0.763 0.977 0.709 0.183 0.025 0.863 0.361 0.033 
0.253 0.875 0.495 0.101 0.537 0.137 0.581 0.895 
0.187 0.007 0.217 0.941 0.757 0.043 0.673 0.273 
0.779 0.945 0.801 0.629 0.947 0.593 0.929 0.165 
0.629 0.329 0.547 0.833 0.311 0.929 0.597 0.779 
0.441 0.093 0.335 0.557 0.169 0.135 0.173 0.039 
0.565 0.179 0.971 0.565 0.263 0.261 0.983 0.629 
0.147 0.653 0.225 0.741 0.941 0.307 0.621 0.753 
0.493 0.851 0.669 0.555 0.045 0.649 0.299 0.977 
0.231 0.133 0.559 0.769 0.089 0.039 0.869 0.259 
0.787 0.399 0.891 0.419 0.113 0.067 0.131 0.261 
0.749 0.661 0.179 0.313 0.491 0.445 0.059 0.101 
0.481 0.763 0.199 0.951 0.399 0.489 0.511 0.137 
0.063 0.407 0.937 0.069 0.319 0.571 0.387 0.293 
0.965 0.813 0.889 0.403 0.817 0.507 0.649 0.203 
0.425 0.393 0.391 0.055 0.707 0.281 0.225 0.883 
0.573 0.589 0.301 0.609 0.187 0.843 0.129 0.583 
0.697 0.445 0.365 0.623 0.377 0.865 0.447 0.595 
0.361 0.321 0.693 0.719 0.521 0.313 0.547 0.541 
0.791 0.433 0.317 0.619 0.507 0.825 0.949 0.329 
0.561 0.081 0.071 0.537 0.639 0.871 0.423 0.893 
0.797 0.745 0.309 0.371 0.099 0.583 0.211 0.645 
0.997 0.601 0.507 0.263 0.677 0.389 0.663 0.141 
0.609 0.053 0.165 0.409 0.925 0.319 0.941 0.637 
0.777 0.127 0.469 0.579 0.613 0.015 0.107 0.217 
0.235 0.841 0.105 0.417 0.407 0.349 0.817 0.307 
0.447 0.155 0.929 0.625 0.051 0.845 0.005 0.219 
0.261 0.715 0.917 0.047 0.395 0.351 0.157 0.103 
0.391 0.557 0.351 0.427 0.205 0.405 0.443 0.107 
0.053 0.215 0.051 0.901 0.985 0.435 0.063 0.717 
0.089 0.465 0.473 0.835 0.421 0.957 0.911 0.559 
0.375 0.455 0.519 0.731 0.951 0.247 0.561 0.477 
0.135 0.379 0.875 0.393 0.413 0.437 0.921 0.269 
0.637 0.889 0.913 0.097 0.841 0.877 0.133 0.317 
0.547 0.035 0.655 0.345 0.437 0.749 0.339 0.225 
0.119 0.275 0.827 0.871 0.457 0.703 0.487 0.505 
0.319 0.189 0.463 0.601 0.809 0.361 0.493 0.923 
0.509 0.283 0.041 0.019 0.287 0.185 0.579 0.747 
0.377 0.459 0.927 0.827 0.863 0.493 0.153 0.571 
0.933 0.667 0.369 0.907 0.017 0.797 0.273 0.027 
0.603 0.297 0.569 0.931 0.653 0.743 0.531 0.657 
0.021 0.251 0.721 0.181 0.271 0.823 0.105 0.793 
0.683 0.789 0.373 0.011 0.251 0.973 0.957 0.621 
0.699 0.005 0.141 0.995 0.821 0.323 0.865 0.623 
0.263 0.663 0.311 0.381 0.701 0.573 0.075 0.443 
0.167 0.163 0.795 0.385 0.789 0.343 0.003 0.993 
0.855 0.113 0.611 0.685 0.775 0.407 0.515 0.813 
0.921 0.217 0.603 0.817 0.277 0.943 0.241 0.115 
0.473 0.927 0.725 0.751 0.581 0.919 0.485 0.735 
0.619 0.249 0.553 0.451 0.475 0.165 0.887 0.703 
0.225 0.657 0.079 0.529 0.739 0.873 0.647 0.925 
0.313 0.327 0.957 0.823 0.329 0.395 0.377 0.579 
0.467 0.933 0.137 0.607 0.301 0.617 0.553 0.279 
0.067 0.195 0.749 0.915 0.873 0.337 0.637 0.643 
0.339 0.623 0.811 0.365 0.917 0.907 0.715 0.271 
0.753 0.099 0.791 0.621 0.283 0.773 0.445 0.023 
0.483 0.091 0.239 0.395 0.119 0.731 0.309 0.835 
0.439 0.599 0.139 0.361 0.915 0.667 0.657 0.455 
0.943 0.477 0.389 0.589 0.565 0.095 0.203 0.975 
0.205 0.941 0.677 0.699 0.573 0.151 0.395 0.565 
0.143 0.129 0.835 0.965 0.383 0.021 0.437 0.119 
0.813 0.625 0.357 0.979 0.919 0.711 0.117 0.665 
0.421 0.847 0.577 0.653 0.857 0.557 0.083 0.797 
0.927 0.425 0.009 0.807 0.015 0.625 0.555 0.473 
0.597 0.389 0.983 0.237 0.345 0.019 0.031 0.985 
0.949 0.333 0.417 0.359 0.831 0.433 0.475 0.303 
0.461 0.017 0.951 0.009 0.769 0.047 0.551 0.649 
0.695 0.673 0.629 0.203 0.371 0.391 0.849 0.195 
0.305 0.147 0.223 0.893 0.411 0.861 0.261 0.829 
0.209 0.825 0.407 0.591 0.601 0.041 0.827 0.281 
0.357 0.287 0.525 0.533 0.877 0.723 0.401 0.163 
0.353 0.069 0.829 0.899 0.625 0.757 0.943 0.931 
0.363 0.749 0.931 0.335 0.453 0.053 0.327 0.631 
0.101 0.309 0.869 0.527 0.631 0.833 0.713 0.913 
0.737 0.829 0.111 0.585 0.681 0.911 0.789 0.763 
0.029 0.685 0.443 0.733 0.753 0.431 0.305 0.071 
0.107 0.497 0.625 0.631 0.067 0.371 0.697 0.543 
0.515 0.029 0.667 0.053 0.195 0.093 0.981 0.441 
0.969 0.381 0.653 0.185 0.621 0.075 0.219 0.467 
0.039 0.759 0.195 0.071 0.125 0.831 0.043 0.291 
0.153 0.031 0.851 0.759 0.115 0.589 0.021 0.389 
0.531 0.691 0.383 0.187 0.493 0.675 0.165 0.697 
0.299 0.267 0.231 0.091 0.047 0.001 0.593 0.677 
0.687 0.719 0.241 0.925 0.037 0.977 0.737 0.077 
0.615 0.341 0.135 0.657 0.557 0.963 0.569 0.179 
0.291 0.335 0.203 0.193 0.369 0.421 0.331 0.143 
0.497 0.211 0.397 0.959 0.511 0.087 0.661 0.237 
0.675 0.647 0.537 0.125 0.325 0.997 0.797 0.547 
0.289 0.311 0.213 0.239 0.165 0.689 0.099 0.489 
0.477 0.363 0.527 0.761 0.473 0.123 0.851 0.809 
0.269 0.095 0.181 0.035 0.445 0.423 0.533 0.375 
0.617 0.213 0.961 0.269 0.881 0.081 0.963 0.151 
0.507 0.885 0.235 0.373 0.163 0.105 0.053 0.087 
0.995 0.757 0.075 0.703 0.397 0.681 0.675 0.487 
0.149 0.609 0.487 0.219 0.435 0.005 0.639 0.969 
0.151 0.635 0.313 0.489 0.097 0.969 0.903 0.245 
0.211 0.077 0.157 0.003 0.239 0.915 0.599 0.641 
0.985 0.717 0.381 0.039 0.833 0.975 0.991 0.135 
0.065 0.489 0.535 0.501 0.781 0.941 0.875 0.257 
0.923 0.797 0.191 0.967 0.177 0.327 0.045 0.017 
0.457 0.627 0.905 0.399 0.585 0.341 0.871 0.497 
0.799 0.431 0.439 0.453 0.735 0.379 0.303 0.759 
0.443 0.853 0.879 0.005 0.665 0.415 0.885 0.991 
0.873 0.013 0.849 0.889 0.083 0.901 0.033 0.929 
0.293 0.767 0.477 0.857 0.203 0.411 0.413 0.459 
0.059 0.983 0.691 0.867 0.937 0.903 0.819 0.769 
0.557 0.619 0.883 0.439 0.657 0.083 0.357 0.673 
0.733 0.659 0.277 0.133 0.579 0.069 0.415 0.785 
0.567 0.083 0.649 0.367 0.455 0.707 0.799 0.533 
0.049 0.943 0.513 0.085 0.439 0.193 0.249 0.853 
0.957 0.263 0.871 0.063 0.333 0.457 0.509 0.679 
0.227 0.805 0.819 0.539 0.481 0.527 0.287 0.327 
0.589 0.149 0.039 0.265 0.795 0.023 0.427 0.453 
0.031 0.481 0.643 0.991 0.021 0.705 0.889 0.325 
0.113 0.131 0.005 0.179 0.785 0.669 0.761 0.751 
0.181 0.253 0.579 0.211 0.763 0.155 0.897 0.401 
0.499 0.183 0.031 0.129 0.851 0.111 0.711 0.387 
0.077 0.965 0.307 0.513 0.461 0.553 0.369 0.901 
0.875 0.241 0.419 0.037 0.673 0.355 0.071 0.167 
0.827 0.259 0.705 0.245 0.949 0.697 0.081 0.535 
0.953 0.453 0.127 0.811 0.091 0.209 0.407 0.235 
0.815 0.307 0.683 0.613 0.175 0.173 0.349 0.827 
0.283 0.593 0.859 0.917 0.599 0.857 0.047 0.653 
0.207 0.697 0.259 0.767 0.305 0.243 0.525 0.193 
0.837 0.961 0.557 0.749 0.427 0.789 0.669 0.183 
0.449 0.323 0.121 0.777 0.153 0.569 0.483 0.427 
0.627 0.707 0.297 0.983 0.101 0.267 0.135 0.299 
0.803 0.153 0.723 0.875 0.145 0.633 0.967 0.795 
0.341 0.671 0.257 0.273 0.803 0.273 0.589 0.971 
0.203 0.973 0.379 0.191 0.009 0.473 0.243 0.457 
0.677 0.269 0.499 0.001 0.591 0.409 0.863 0.511 
0.899 0.857 0.881 0.903 0.261 0.171 0.235 0.041 
0.451 0.421 0.665 0.079 0.483 0.867 0.227 0.999 
0.789 0.963 0.597 0.045 0.075 0.897 0.971 0.475 
0.635 0.371 0.401 0.783 0.323 0.587 0.195 0.807 
0.241 0.547 0.337 0.681 0.349 0.333 0.411 0.937 
0.395 0.913 0.631 0.291 0.905 0.875 0.375 0.051 
0.095 0.111 0.333 0.225 0.355 0.683 0.609 0.663 
0.179 0.513 0.773 0.675 0.229 0.049 0.347 0.877 
0.765 0.247 0.843 0.261 0.167 0.221 0.717 0.731 
0.105 0.351 0.841 0.679 0.441 0.579 0.209 0.073 
0.275 0.677 0.939 0.089 0.077 0.315 0.355 0.025 
0.485 0.597 0.807 0.177 0.351 0.513 0.233 0.283 
0.575 0.295 0.671 0.877 0.893 0.751 0.093 0.905 
0.251 0.785 0.857 0.595 0.193 0.455 0.467 0.439 
0.849 0.141 0.925 0.049 0.539 0.921 0.655 0.003 
0.159 0.605 0.699 0.189 0.889 0.485 0.503 0.709 
0.723 0.159 0.459 0.969 0.179 0.147 0.659 0.801 
0.417 0.523 0.479 0.465 0.447 0.623 0.899 0.321 
0.469 0.981 0.429 0.143 0.489 0.241 0.787 0.221 
0.971 0.079 0.097 0.467 0.667 0.679 0.039 0.553 
0.865 0.011 0.431 0.027 0.561 0.995 0.329 0.043 
0.983 0.999 0.899 0.701 0.061 0.515 0.389 0.733 
0.255 0.675 0.763 0.433 0.805 0.115 0.481 0.363 
0.171 0.325 0.485 0.473 0.245 0.429 0.451 0.609 
0.939 0.121 0.073 0.781 0.715 0.051 0.839 0.791 
0.213 0.447 0.787 0.485 0.759 0.347 0.417 0.129 
0.301 0.359 0.185 0.175 0.727 0.365 0.595 0.867 
0.999 0.787 0.517 0.339 0.659 0.619 0.575 0.689 
0.295 0.811 0.371 0.885 0.449 0.419 0.007 0.213 
0.767 0.479 0.949 0.317 0.185 0.031 0.571 0.005 
0.285 0.451 0.173 0.765 0.105 0.373 0.805 0.551 
0.821 0.639 0.403 0.243 0.617 0.659 0.149 0.275 
0.327 0.075 0.573 0.405 0.737 0.983 0.441 0.885 
0.133 0.485 0.533 0.301 0.935 0.717 0.283 0.661 
0.533 0.475 0.741 0.861 0.907 0.853 0.687 0.159 
0.219 0.353 0.695 0.815 0.465 0.285 0.179 0.667 
0.747 0.257 0.799 0.279 0.011 0.609 0.425 0.131 
0.893 0.855 0.935 0.289 0.041 0.159 0.917 0.525 
0.131 0.313 0.563 0.853 0.729 0.793 0.103 0.617 
0.409 0.939 0.001 0.819 0.927 0.811 0.677 0.855 
0.887 0.221 0.447 0.863 0.375 0.695 0.217 0.739 
0.045 0.603 0.769 0.309 0.065 0.555 0.069 0.989 
0.717 0.483 0.409 0.933 0.859 0.133 0.121 0.227 
0.857 0.611 0.115 0.797 0.285 0.217 0.753 0.169 
0.691 0.837 0.055 0.441 0.069 0.309 0.167 0.173 
0.795 0.117 0.757 0.389 0.811 0.229 0.951 0.861 
0.427 0.435 0.947 0.321 0.633 0.121 0.803 0.391 
0.491 0.865 0.965 0.791 0.307 0.693 0.781 0.289 
0.223 0.753 0.657 0.033 0.221 0.847 0.567 0.685 
0.081 0.869 0.131 0.331 0.313 0.721 0.741 0.335 
0.083 0.319 0.033 0.139 0.255 0.233 0.729 0.587 
0.311 0.239 0.433 0.953 0.243 0.353 0.573 0.415 
0.237 0.331 0.793 0.491 0.875 0.523 0.463 0.915 
0.981 0.915 0.731 0.905 0.743 0.661 0.541 0.471 
0.895 0.001 0.273 0.639 0.731 0.715 0.159 0.433 
0.859 0.145 0.995 0.095 0.295 0.899 0.291 0.121 
0.035 0.279 0.015 0.745 0.933 0.529 0.231 0.721 
0.163 0.909 0.703 0.145 0.629 0.399 0.879 0.881 
0.137 0.587 0.733 0.887 0.749 0.345 0.973 0.175 
0.183 0.621 0.865 0.217 0.779 0.359 0.391 0.555 
0.869 0.505 0.661 0.171 0.049 0.245 0.353 0.117 
0.521 0.395 0.981 0.299 0.671 0.175 0.945 0.953 
0.829 0.509 0.863 0.573 0.361 0.439 0.767 0.075 
0.839 0.003 0.393 0.743 0.643 0.335 0.253 0.123 
0.335 0.773 0.087 0.333 0.109 0.935 0.187 0.973 
0.359 0.577 0.167 0.803 0.085 0.835 0.035 0.093 
0.287 0.573 0.107 0.709 0.541 0.709 0.821 0.209 
0.365 0.065 0.237 0.989 0.291 0.117 0.857 0.873 
0.011 0.237 0.641 0.375 0.321 0.443 0.893 0.545 
0.781 0.417 0.363 0.041 0.031 0.881 0.041 0.935 
0.413 0.193 0.783 0.831 0.081 0.627 0.185 0.267 
0.611 0.669 0.735 0.043 0.705 0.401 0.169 0.597 
0.379 0.037 0.025 0.597 0.575 0.063 0.265 0.517 
0.947 0.191 0.083 0.431 0.459 0.189 0.707 0.569 
0.647 0.315 0.345 0.229 0.777 0.677 0.239 0.263 
0.307 0.467 0.707 0.327 0.895 0.971 0.779 0.775 
0.595 0.743 0.483 0.549 0.899 0.169 0.015 0.069 
0.161 0.575 0.813 0.199 0.517 0.869 0.995 0.419 
0.945 0.721 0.847 0.515 0.233 0.817 0.001 0.967 
0.007 0.585 0.501 0.949 0.505 0.591 0.755 0.585 
0.891 0.059 0.715 0.599 0.911 0.453 0.877 0.831 
0.345 0.559 0.251 0.535 0.635 0.027 0.615 0.421 
0.411 0.563 0.021 0.711 0.619 0.203 0.429 0.233 
0.571 0.463 0.833 0.127 0.379 0.785 0.049 0.833 
0.773 0.271 0.069 0.099 0.131 0.701 0.763 0.529 
0.601 0.649 0.639 0.909 0.649 0.477 0.883 0.139 
0.381 0.711 0.675 0.713 0.569 0.201 0.619 0.695 
0.925 0.419 0.549 0.855 0.043 0.017 0.359 0.539 
0.173 0.957 0.405 0.705 0.733 0.601 0.577 0.761 
0.667 0.569 0.269 0.673 0.647 0.427 0.341 0.357 
0.645 0.975 0.207 0.805 0.611 0.999 0.625 0.869 
0.639 0.615 0.681 0.697 0.389 0.531 0.373 0.323 
0.593 0.411 0.529 0.215 0.225 0.549 0.193 0.341 
0.185 0.511 0.581 0.605 0.939 0.629 0.119 0.047 
0.655 0.367 0.605 0.873 0.761 0.291 0.565 0.507 
0.919 0.143 0.921 0.477 0.289 0.737 0.351 0.013 
0.025 0.783 0.205 0.757 0.689 0.813 0.455 0.339 
0.685 0.273 0.327 0.051 0.027 0.283 0.725 0.745 
0.721 0.137 0.959 0.771 0.273 0.331 0.881 0.155 
0.193 0.545 0.109 0.665 0.391 0.237 0.795 0.377 
0.835 0.503 0.777 0.231 0.683 0.249 0.919 0.839 
0.511 0.863 0.839 0.277 0.147 0.567 0.109 0.081 
0.257 0.337 0.545 0.205 0.417 0.795 0.653 0.369 
0.757 0.679 0.065 0.801 0.995 0.755 0.545 0.825 
0.877 0.049 0.063 0.643 0.071 0.691 0.269 0.127 
0.703 0.969 0.117 0.337 0.921 0.613 0.835 0.591 
0.755 0.815 0.161 0.975 0.201 0.803 0.025 0.201 
0.309 0.355 0.615 0.571 0.813 0.939 0.705 0.315 
0.831 0.061 0.209 0.707 0.719 0.167 0.739 0.871 
0.243 0.581 0.245 0.773 0.143 0.329 0.701 0.361 
0.389 0.089 0.283 0.993 0.943 0.641 0.537 0.847 
0.751 0.427 0.647 0.415 0.973 0.479 0.011 0.239 
0.197 0.921 0.023 0.015 0.679 0.615 0.055 0.157 
0.673 0.561 0.471 0.285 0.259 0.933 0.245 0.563 
0.705 0.197 0.765 0.305 0.293 0.483 0.757 0.287 
0.937 0.535 0.353 0.493 0.901 0.909 0.873 0.737 
0.367 0.893 0.385 0.103 0.357 0.375 0.293 0.987 
0.669 0.429 0.261 0.849 0.087 0.077 0.029 0.521 
0.853 0.831 0.761 0.255 0.713 0.129 0.313 0.445 
0.871 0.761 0.271 0.083 0.173 0.699 0.177 0.345 
0.745 0.541 0.903 0.117 0.241 0.925 0.207 0.407 
0.387 0.807 0.233 0.435 0.945 0.079 0.785 0.777 
0.475 0.317 0.123 0.109 0.931 0.381 0.393 0.613 
0.771 0.519 0.249 0.859 0.381 0.991 0.723 0.979 
0.019 0.203 0.973 0.377 0.883 0.725 0.607 0.353 
0.785 0.655 0.999 0.379 0.385 0.393 0.895 0.499 
0.941 0.107 0.975 0.397 0.059 0.101 0.403 0.061 
0.139 0.391 0.781 0.519 0.571 0.521 0.491 0.079 
0.883 0.387 0.789 0.843 0.533 0.325 0.733 0.575 
0.277 0.887 0.267 0.173 0.989 0.257 0.017 0.927 
0.759 0.531 0.945 0.547 0.497 0.163 0.693 0.811 
0.431 0.109 0.509 0.727 0.279 0.599 0.335 0.343 
0.233 0.877 0.003 0.645 0.913 0.425 0.489 0.373 
0.587 0.883 0.593 0.227 0.965 0.057 0.175 0.503 
0.863 0.449 0.281 0.881 0.191 0.815 0.617 0.463 
0.437 0.849 0.067 0.471 0.479 0.775 0.703 0.349 
0.711 0.057 0.595 0.635 0.623 0.007 0.993 0.995 
0.519 0.537 0.085 0.649 0.549 0.239 0.695 0.803 
0.665 0.899 0.845 0.937 0.155 0.235 0.747 0.707 
0.523 0.891 0.133 0.559 0.815 0.161 0.087 0.251 
0.333 0.187 0.035 0.551 0.531 0.927 0.267 0.955 
0.071 0.157 0.627 0.841 0.309 0.231 0.539 0.837 
0.121 0.549 0.343 0.021 0.997 0.369 0.627 0.491 
0.729 0.633 0.825 0.201 0.767 0.475 0.953 0.651 
0.739 0.385 0.145 0.829 0.409 0.013 0.223 0.359 
0.955 0.025 0.399 0.073 0.033 0.275 0.731 0.625 
0.463 0.185 0.623 0.233 0.235 0.499 0.923 0.715 
0.845 0.055 0.491 0.897 0.317 0.131 0.939 0.149 
0.041 0.051 0.243 0.147 0.365 0.059 0.585 0.615 
0.591 0.443 0.831 0.593 0.605 0.953 0.137 0.531 
0.563 0.953 0.077 0.929 0.551 0.665 0.641 0.819 
0.805 0.595 0.823 0.087 0.703 0.383 0.603 0.741 
0.435 0.979 0.969 0.113 0.495 0.367 0.471 0.037 
0.605 0.103 0.189 0.077 0.567 0.673 0.685 0.815 
0.861 0.845 0.119 0.923 0.463 0.125 0.721 0.675 
0.731 0.409 0.619 0.157 0.963 0.287 0.587 0.223 
0.817 0.919 0.659 0.563 0.231 0.205 0.259 0.863 
0.775 0.119 0.461 0.443 0.771 0.779 0.181 0.783 
0.337 0.517 0.359 0.987 0.853 0.253 0.067 0.601 
0.631 0.243 0.427 0.195 0.431 0.469 0.125 0.729 
0.407 0.493 0.315 0.295 0.181 0.561 0.557 0.805 
0.229 0.015 0.855 0.323 0.133 0.045 0.667 0.109 
0.123 0.033 0.679 0.947 0.879 0.949 0.199 0.171 
0.373 0.551 0.915 0.543 0.723 0.441 0.457 0.821 
0.419 0.565 0.081 0.007 0.663 0.183 0.853 0.963 
0.347 0.039 0.149 0.737 0.971 0.937 0.651 0.161 
0.661 0.469 0.613 0.553 0.269 0.259 0.913 0.493 
0.741 0.233 0.837 0.437 0.903 0.905 0.665 0.367 
0.009 0.681 0.893 0.307 0.337 0.251 0.987 0.939 
0.539 0.801 0.303 0.775 0.139 0.535 0.421 0.393 
0.471 0.437 0.759 0.057 0.137 0.503 0.057 0.577 
0.091 0.261 0.339 0.785 0.401 0.643 0.343 0.243 
0.175 0.181 0.341 0.287 0.991 0.461 0.543 0.951 
0.843 0.637 0.193 0.401 0.425 0.765 0.591 0.603 
0.201 0.803 0.361 0.455 0.849 0.537 0.529 0.347 
0.505 0.539 0.897 0.105 0.387 0.029 0.833 0.311 
0.801 0.507 0.583 0.149 0.299 0.987 0.019 0.845 
0.867 0.843 0.151 0.449 0.687 0.849 0.811 0.701 
0.191 0.765 0.377 0.197 0.013 0.637 0.867 0.921 
0.215 0.231 0.877 0.779 0.961 0.841 0.645 0.417 
0.613 0.579 0.575 0.469 0.843 0.945 0.507 0.879 
0.037 0.105 0.635 0.061 0.183 0.759 0.013 0.091 
0.725 0.219 0.059 0.651 0.607 0.565 0.513 0.319 
0.769 0.067 0.047 0.587 0.529 0.009 0.065 0.889 
0.809 0.835 0.449 0.481 0.711 0.733 0.113 0.147 
0.423 0.567 0.919 0.411 0.839 0.207 0.385 0.843 
0.247 0.347 0.755 0.509 0.485 0.265 0.801 0.255 
0.079 0.833 0.953 0.457 0.227 0.195 0.151 0.509 
0.329 0.201 0.367 0.213 0.797 0.465 0.809 0.371 
0.199 0.775 0.413 0.421 0.993 0.213 0.155 0.365 
0.963 0.729 0.779 0.169 0.535 0.979 0.683 0.909 
0.265 0.529 0.043 0.919 0.331 0.305 0.123 0.537 
0.961 0.995 0.743 0.351 0.363 0.807 0.147 0.355 
0.055 0.291 0.099 0.343 0.403 0.449 0.009 0.229 
0.931 0.923 0.451 0.813 0.745 0.035 0.091 0.705 
0.903 0.997 0.215 0.029 0.967 0.791 0.439 0.669 
0.399 0.553 0.045 0.137 0.865 0.447 0.643 0.403 
0.429 0.951 0.497 0.839 0.151 0.263 0.915 0.197 
0.217 0.861 0.503 0.541 0.871 0.819 0.279 0.145 
0.671 0.839 0.911 0.945 0.819 0.855 0.477 0.945 
0.929 0.499 0.423 0.525 0.339 0.931 0.563 0.469 
0.841 0.073 0.435 0.165 0.957 0.471 0.289 0.313 
0.743 0.123 0.645 0.521 0.717 0.091 0.771 0.771 
0.323 0.817 0.713 0.235 0.249 0.805 0.433 0.297 
0.017 0.021 0.211 0.633 0.039 0.311 0.459 0.125 
0.783 0.859 0.331 0.895 0.005 0.497 0.221 0.899 
0.129 0.641 0.561 0.689 0.135 0.885 0.841 0.253 
0.607 0.819 0.323 0.135 0.691 0.563 0.759 0.231 
0.987 0.867 0.817 0.275 0.237 0.255 0.777 0.021 
0.303 0.457 0.967 0.241 0.001 0.575 0.709 0.757 
0.553 0.281 0.531 0.511 0.867 0.191 0.479 0.699 
0.453 0.987 0.143 0.207 0.829 0.127 0.837 0.301 
0.577 0.879 0.355 0.151 0.523 0.651 0.559 0.153 
0.057 0.227 0.591 0.253 0.787 0.113 0.281 0.449 
0.879 0.555 0.321 0.497 0.827 0.947 0.689 0.981 
0.047 0.521 0.753 0.523 0.685 0.595 0.517 0.065 
0.321 0.613 0.663 0.927 0.983 0.761 0.405 0.773 
0.073 0.583 0.711 0.161 0.211 0.099 0.409 0.049 
0.315 0.403 0.457 0.715 0.773 0.279 0.829 0.309 
0.097 0.439 0.933 0.013 0.547 0.487 0.859 0.693 
0.445 0.041 0.481 0.561 0.405 0.543 0.769 0.437 
0.889 0.115 0.701 0.487 0.107 0.463 0.399 0.379 
0.527 0.705 0.993 0.293 0.751 0.961 0.419 0.479 
0.823 0.423 0.183 0.483 0.855 0.657 0.727 0.215 
0.621 0.895 0.943 0.475 0.503 0.671 0.189 0.671 
0.659 0.769 0.987 0.167 0.423 0.585 0.699 0.007 
0.117 0.265 0.815 0.845 0.693 0.821 0.901 0.907 
0.525 0.955 0.739 0.329 0.969 0.109 0.749 0.097 
0.951 0.495 0.061 0.721 0.741 0.769 0.251 0.331 
0.273 0.631 0.673 0.883 0.603 0.495 0.743 0.483 
0.015 0.747 0.633 0.425 0.451 0.387 0.461 0.191 
0.907 0.967 0.305 0.163 0.467 0.551 0.935 0.787 
0.643 0.009 0.295 0.159 0.651 0.289 0.363 0.085 
0.165 0.299 0.687 0.647 0.213 0.055 0.431 0.755 
0.913 0.881 0.169 0.787 0.977 0.719 0.925 0.519 
0.543 0.383 0.803 0.081 0.783 0.581 0.101 0.513 
0.297 0.873 0.489 0.115 0.257 0.655 0.843 0.447 
0.115 0.071 0.521 0.973 0.587 0.801 0.171 0.429 
0.169 0.255 0.453 0.251 0.029 0.839 0.807 0.849 
0.897 0.285 0.375 0.567 0.281 0.339 0.183 0.859 
0.967 0.751 0.523 0.865 0.641 0.467 0.073 0.133 
0.415 0.727 0.187 0.935 0.953 0.103 0.937 0.425 
0.651 0.687 0.747 0.755 0.559 0.357 0.927 0.451 
0.267 0.165 0.991 0.429 0.341 0.621 0.317 0.395 
0.005 0.643 0.963 0.023 0.471 0.539 0.323 0.337 
0.581 0.405 0.421 0.447 0.799 0.397 0.397 0.011 
0.537 0.985 0.697 0.271 0.315 0.889 0.381 0.823 
0.351 0.935 0.057 0.507 0.609 0.771 0.197 0.567 
0.707 0.277 0.177 0.369 0.563 0.481 0.295 0.199 
0.993 0.027 0.147 0.939 0.347 0.061 0.161 0.495 
0.317 0.971 0.153 0.223 0.079 0.985 0.311 0.683 
0.099 0.101 0.805 0.257 0.595 0.827 0.213 0.687 
0.833 0.809 0.767 0.249 0.429 0.525 0.969 0.435 
0.489 0.645 0.493 0.413 0.265 0.895 0.307 0.385 
0.599 0.205 0.175 0.355 0.627 0.293 0.979 0.083 
0.735 0.543 0.637 0.581 0.103 0.511 0.681 0.767 
0.915 0.413 0.125 0.463 0.199 0.149 0.263 0.031 
0.001 0.473 0.543 0.851 0.217 0.887 0.999 0.397 
0.911 0.487 0.011 0.809 0.597 0.541 0.831 0.113 
0.075 0.415 0.979 0.735 0.161 0.745 0.521 0.099 
0.221 0.343 0.467 0.153 0.847 0.577 0.629 0.035 
0.989 0.607 0.895 0.869 0.127 0.089 0.601 0.205 
0.239 0.737 0.599 0.423 0.897 0.215 0.469 0.285 
0.355 0.369 0.515 0.031 0.501 0.559 0.079 0.305 
0.023 0.303 0.201 0.913 0.765 0.269 0.139 0.015 
0.195 0.225 0.867 0.943 0.909 0.605 0.315 0.655 
0.013 0.235 0.885 0.107 0.513 0.607 0.855 0.723 
0.709 0.533 0.289 0.999 0.219 0.767 0.077 0.059 
0.513 0.087 0.319 0.963 0.577 0.533 0.285 0.749 
0.559 0.571 0.977 0.793 0.955 0.065 0.501 0.207 
0.061 0.947 0.163 0.267 0.661 0.739 0.141 0.957 
0.623 0.047 0.907 0.687 0.303 0.967 0.473 0.983 
0.145 0.357 0.101 0.017 0.123 0.413 0.297 0.351 
0.033 0.929 0.551 0.353 0.593 0.981 0.679 0.789 
0.087 0.781 0.567 0.577 0.835 0.037 0.127 0.911 
0.633 0.175 0.265 0.303 0.007 0.663 0.143 0.851 
0.641 0.365 0.587 0.495 0.149 0.829 0.201 0.187 
0.093 0.731 0.013 0.961 0.825 0.143 0.815 0.943 
0.851 0.739 0.293 0.407 0.267 0.879 0.947 0.917 
0.495 0.949 0.751 0.123 0.469 0.735 0.365 0.961 
0.905 0.401 0.113 0.955 0.553 0.639 0.497 0.009 
0.343 0.515 0.437 0.691 0.959 0.653 0.861 0.111 
0.657 0.169 0.719 0.283 0.823 0.519 0.163 0.639 
0.141 0.735 0.555 0.659 0.887 0.993 0.051 0.887 
0.155 0.689 0.873 0.747 0.157 0.893 0.975 0.681 
0.551 0.991 0.775 0.997 0.975 0.033 0.215 0.941 
0.545 0.693 0.349 0.795 0.929 0.403 0.931 0.095 
0.103 0.151 0.941 0.763 0.057 0.073 0.631 0.589 
0.369 0.377 0.415 0.545 0.415 0.145 0.247 0.527 
0.973 0.301 0.511 0.655 0.359 0.777 0.271 0.997 
0.479 0.349 0.019 0.753 0.353 0.227 0.089 0.431 
0.127 0.305 0.007 0.667 0.343 0.157 0.325 0.919 
